0,4,3145 6914 17173
0,4,6766 7929 13814 16340
0,4,712 1908 13311 18789
0,4,9362 12928 19270
0,4,1863 7790 11969
0,4,651 2134 8946 15504
0,4,1646 7062 12245 13504
0,4,3223 12835 14044
0,4,9898 11163 12643
0,4,11121 11246 12647
0,4,5355 14599 18049
0,4,4654 5784 11801
0,4,4305 4895 12925
0,4,11401 15165 18527
0,4,9637 11845 15034
0,4,4202 7338 8105 11838 14168
0,4,7619 12270 12869
0,4,2201 8151 11385
0,4,148 1123 10880
0,4,490 1247 19203
0,4,6179 7879 13985
0,4,835 1503 8816
0,4,6904 7009 9873 18496
0,4,1640 4394 7351 17230
0,4,8935 14213 17365
0,4,3495 4627 8885 11039 16655
0,4,10949 11899 14848
0,4,5090 5591 18840
0,4,11891 14365 17888
0,4,1162 7613 13796 15888
0,4,9776 11932 13068
0,4,7903 8090 13296
0,4,1599 4177 15146
0,4,1610 14165 18344
0,4,347 3509 16797
0,4,1346 5438 5891
0,4,9705 13000 14093
0,4,13357 15654 16715
0,4,14286 17537 18602
0,4,2109 6736 10499
0,4,557 5892 10546 12540
0,4,1960 2479 8553
0,4,6525 12512 12835
0,4,3140 3297 16178
0,4,3417 10794 18746
0,4,3512 6337 7783 12427 16044 16714
0,4,3962 4404 4676 12378
0,4,8153 8422 13846
0,4,1073 1713 11324
0,4,12806 13059 19108
0,4,10637 14776 16572
0,4,4202 7338 11838 14168 17544
0,4,2085 4770 11137
0,4,2109 10499 14335
0,4,1384 18088 19160
0,4,3215 5434 10475 14188
0,4,10789 14609 18664
0,4,2201 6070 8151
0,4,1122 3202 4136
0,4,7321 12293 17807
0,4,1507 7961 8495
0,4,9032 10378 10569
0,4,2037 3567 4308
0,4,1162 13796 16344
0,4,8217 14417 16793
0,4,9182 12200 15595
0,4,10697 14865 14966
0,4,10319 12211 14529
0,4,4441 6904 7009 9873
0,4,1414 2537 12483
0,4,1883 3433 11089
0,4,6794 8042 12517
0,4,4836 6366 7392
0,4,5208 9470 9925
0,4,2948 5240 6554 17094
0,4,837 11361 12557
0,4,5526 7954 10245
0,4,9826 11696 15202
0,4,6577 11180 11978
0,4,2895 8858 9801
0,4,8941 10130 14255 14286
0,4,4118 10845 15666
0,4,3027 10830 18399
0,4,466 1049 3006
0,4,325 3296 15356
0,4,4670 7236 9982
0,4,14723 14747 17829
0,4,7897 14316 18660
0,4,7168 7764 8291
0,4,15529 15642 16066
0,4,2843 4977 5709
0,4,3688 7847 12916
0,4,12085 14638 16219
0,4,11451 14865 14966 15411 16000
0,4,7006 8740 14556
0,4,61 3786 13791
0,4,5394 6340 7754 18927
0,4,2510 5395 16881
0,4,102 7006 14556
0,4,16791 17129 17726
0,4,1587 2151 2874 18967
0,4,687 1807 6687
0,4,2127 3158 5032 6691 12197
0,4,5733 14264 16790
0,4,7783 16240 16641 16714
0,4,5674 7619 12270
0,4,13866 15059 17517
0,4,651 2134 8946 15834
0,4,853 8894 11670
0,4,3720 10591 18311
0,4,4091 5397 11847
0,4,8856 9862 10233
0,4,10319 12211 16605
0,4,3620 5750 8134 18265
0,4,13949 15157 18422
0,4,337 4701 15329
0,4,1414 12483 18898
0,4,410 3145 17173
0,4,3866 8688 16766
0,4,7520 9310 11714
0,4,10131 12406 13072
0,4,197 2937 18051
0,4,11578 11774 12063 12271 17465 17693
0,4,8741 9805 16641
0,4,9826 15202 19020
0,4,7785 8290 14902
0,4,2244 9904 15582
0,4,3062 15908 18028
0,4,9157 10359 10988
0,4,2087 2450 3749 5424
0,4,9191 9390 10130 12759
0,4,8651 10776 13313
0,4,9062 11315 19093
0,4,7526 12470 13873
0,4,621 13814 16340 18496
0,4,3512 6337 12427 14404 16044
0,4,475 7807 11233
0,4,8677 11420 13705
0,4,1765 10697 14865
0,4,14197 15380 15913
0,4,4268 9897 11112 13891 19309
0,4,726 6951 13168
0,4,8484 14952 17024 17961
0,4,11179 12500 13716
0,4,5815 6562 8286
0,4,1209 1586 7258
0,4,3521 8214 9468
0,4,13688 18115 19105
0,4,1985 4739 12334
0,4,6768 10361 11201 17055
0,4,8071 10679 11487
0,4,621 6904 9873 13814 18496
0,4,387 2783 15033 16849 19387
0,4,8941 14255 14286 16367 18602
0,4,11800 14772 17129
0,4,12383 15461 16763
0,4,1400 7249 16699
0,4,463 9723 12748
0,4,2192 6833 10456
0,4,297 2122 2224 13909
0,4,329 3640 17544
0,4,329 3640 9416 11764
0,4,2069 7288 10553 13112 13493
0,4,1142 1530 3413
0,4,5653 12534 12568
0,4,2294 8184 13077
0,4,6 8067 15319
0,4,5472 7919 10715
0,4,6766 7929 16340 17166
0,4,4006 4662 8687
0,4,7935 13410 19263
0,4,8051 9581 13475
0,4,3094 5045 10680
0,4,4160 8971 18408
0,4,10518 11696 15202 19020
0,4,8741 16240 16641
0,4,2016 12131 18736
0,4,7765 9207 10602
0,4,2537 8997 15880 18732
0,4,4923 5694 14403
0,4,2404 6172 14522
0,4,6150 9967 11382
0,4,6948 9771 13832
0,4,4538 7477 14978
0,4,6624 8298 18675
0,4,1851 4105 10883
0,4,2003 3078 5733 13044 16325 16790
0,4,4159 4751 11730
0,4,13381 14342 17941
0,4,6256 6851 17446 18259
0,4,1890 6414 13016
0,4,2332 12308 16666
0,4,9170 11163 12643
0,4,685 8835 9827
0,4,6152 9274 18836
0,4,1615 6814 14381
0,4,632 4463 9472
0,4,12470 13873 18041
0,4,1132 11616 15685
0,4,3713 3763 11561
0,4,1252 12206 12285
0,4,3866 8688 11523
0,4,1891 8502 18347
0,4,10461 16256 17419
0,4,12512 12835 14044
0,4,3926 5355 5876 14599
0,4,4828 19277 19397
0,4,3417 10794 17542
0,4,2595 3338 7190
0,4,10397 10693 19388
0,4,16236 17120 17647
0,4,8583 9404 11011
0,4,4485 7403 16520
0,4,8617 8820 11629
0,4,8896 13782 15282 18199
0,4,11900 13560 15138
0,4,6736 10499 17191
0,4,7716 12641 16497
0,4,1570 6996 13301
0,4,2186 4786 14111
0,4,11355 14919 16609
0,4,6136 9649 18348
0,4,3158 4574 5032 6691 7530 12197
0,4,3223 4684 14044
0,4,1570 2218 6996
0,4,6742 9391 12686
0,4,578 3081 6681 9624
0,4,3094 7773 10680
0,4,1642 9351 17917
0,4,11578 11774 12063 12271 14290 17693 17731
0,4,2540 2899 6864 8444
0,4,1640 3211 4394 7351
0,4,3620 8134 8609 18063 18265
0,4,5427 16307 18490
0,4,9889 14511 16725
0,4,2194 10203 17763
0,4,15701 17669 18179
0,4,3288 4424 6155 11662 18912
0,4,8395 11253 15262
0,4,6180 16743 17563
0,4,1824 3781 14679
0,4,731 4260 10961
0,4,3015 3796 13420
0,4,15529 16060 16066
0,4,3567 4308 9830
0,4,1099 11797 13110
0,4,6228 16709 17565
0,4,2037 4308 6774
0,4,3899 16179 16310
0,4,6082 7507 11191
0,4,11509 13746 14130
0,4,1187 3525 8667 15606
0,4,4538 7477 16401
0,4,8941 9390 10130 14286
0,4,1890 6414 12845
0,4,211 604 2500
0,4,2294 8184 8658
0,4,3675 4656 10501 10984
0,4,2750 3388 6298
0,4,6869 12020 13788
0,4,7903 10967 13296
0,4,621 7929 13814 16340
0,4,1610 12560 14165
0,4,3796 5453 13420
0,4,13736 13770 19142
0,4,2492 8125 16337
0,4,14657 15971 16197
0,4,2003 3020 3078 5733 13044 16325
0,4,7455 7854 15853
0,4,2783 9805 15033 16849 19387
0,4,4573 15296 16779
0,4,4153 10421 16403
0,4,7446 16256 17419
0,4,3987 9532 11496
0,4,5598 5950 6019
0,4,7639 8219 16765
0,4,4115 5652 17916
0,4,4148 18137 18284
0,4,142 1204 2778 9945
1,5,1640 3211 4394 7351 17230
1,5,3145 6914 17173
1,5,6766 7929 13814 16340
1,5,712 1908 13311 18789
1,5,1863 7790 11969
1,5,651 2134 8946 15504
1,5,1646 7062 12245 13504
1,5,3223 12835 14044
1,5,9898 11163 12643
1,5,11121 11246 12647
1,5,5355 14599 18049
1,5,4654 5784 11801
1,5,4305 4895 12925
1,5,4441 6904 7009
1,5,11401 15165 18527
1,5,9637 11845 15034
1,5,4202 7338 8105 11838 14168
1,5,7619 12270 12869
1,5,2201 8151 11385
1,5,148 1123 10880
1,5,490 1247 19203
1,5,6179 7879 13985
1,5,835 1503 8816
1,5,8935 14213 17365
1,5,3495 4627 8885 11039 16655
1,5,10949 11899 14848
1,5,5090 5591 18840
1,5,11891 14365 17888
1,5,1162 7613 13796 15888
1,5,9776 11932 13068
1,5,530 10702 11497
1,5,1599 4177 15146
1,5,7526 12470 13873 18041
1,5,1610 14165 18344
1,5,7903 8090 13296
1,5,1851 4105 10883 19624
1,5,1346 5438 5891
1,5,9705 13000 14093
1,5,13357 15654 16715
1,5,11297 15162 19032
1,5,14286 17537 18602
1,5,6525 12512 12835
1,5,1960 2479 8553
1,5,2029 12976 13667
1,5,3140 3297 16178
1,5,6904 7009 18496
1,5,8941 9390 10130 12759
1,5,3417 10794 18746
1,5,3512 6337 7783 12427 16044 16714
1,5,3962 4404 4676 12378
1,5,6794 8042 15804
1,5,8153 8422 13846
1,5,1073 1713 11324
1,5,11800 16791 17129
1,5,10637 14776 16572
1,5,4202 7338 11838 14168 17544
1,5,2085 4770 11137
1,5,8484 14952 17961
1,5,2109 10499 14335
1,5,1384 18088 19160
1,5,3215 5434 10475 14188
1,5,10789 14609 18664
1,5,2201 6070 8151
1,5,1122 3202 4136
1,5,7321 12293 17807
1,5,1507 7961 8495
1,5,9032 10378 10569
1,5,1162 13796 16344
1,5,8217 14417 16793
1,5,9182 12200 15595
1,5,10319 12211 14529
1,5,6794 8042 12517
1,5,1414 2537 12483
1,5,1883 3433 11089
1,5,4836 6366 7392
1,5,5208 9470 9925
1,5,2948 5240 6554 17094
1,5,837 11361 12557
1,5,5526 7954 10245
1,5,6577 11180 11978
1,5,2895 8858 9801
1,5,8941 10130 14255 14286
1,5,4118 10845 15666
1,5,3027 10830 18399
1,5,3280 3308 5888
1,5,466 1049 3006
1,5,12541 19471 19562
1,5,325 3296 15356
1,5,14723 14747 17829
1,5,4670 7236 9982
1,5,7168 7764 8291
1,5,7897 14316 18660
1,5,15529 15642 16066
1,5,2843 4977 5709
1,5,12085 14638 16219
1,5,11451 14865 14966 15411 16000
1,5,7006 8740 14556
1,5,61 3786 13791
1,5,5394 6340 7754 18927
1,5,2510 5395 16881
1,5,102 7006 14556
1,5,16791 17129 17726
1,5,1587 2151 2874 18967
1,5,687 1807 6687
1,5,2127 3158 5032 6691 12197
1,5,7783 16240 16641 16714
1,5,5674 7619 12270
1,5,13866 15059 17517
1,5,651 2134 8946 15834
1,5,853 8894 11670
1,5,3720 10591 18311
1,5,9805 16641 19387
1,5,4091 5397 11847
1,5,8856 9862 10233
1,5,10319 12211 16605
1,5,3620 5750 8134 18265
1,5,13949 15157 18422
1,5,337 4701 15329
1,5,9614 14549 19562
1,5,1414 12483 18898
1,5,410 3145 17173
1,5,3866 8688 16766
1,5,7520 9310 11714
1,5,10131 12406 13072
1,5,197 2937 18051
1,5,8741 9805 16641
1,5,7785 8290 14902
1,5,2244 9904 15582
1,5,3062 15908 18028
1,5,9157 10359 10988
1,5,2087 2450 3749 5424
1,5,9191 9390 10130 12759
1,5,3403 17633 19316
1,5,8651 10776 13313
1,5,9062 11315 19093
1,5,621 13814 16340 18496
1,5,3512 6337 12427 14404 16044
1,5,475 7807 11233
1,5,8677 11420 13705
1,5,1765 10697 14865
1,5,4441 6904 9873
1,5,14197 15380 15913
1,5,7362 10639 11462
1,5,4268 9897 11112 13891 19309
1,5,10697 14865 14966 16000
1,5,726 6951 13168
1,5,11179 12500 13716
1,5,196 1111 15188
1,5,1209 1586 7258
1,5,5815 6562 8286
1,5,3521 8214 9468
1,5,13688 18115 19105
1,5,1985 4739 12334
1,5,6768 10361 11201 17055
1,5,8071 10679 11487
1,5,621 6904 9873 13814 18496
1,5,387 2783 15033 16849 19387
1,5,9362 12928 19536
1,5,8941 14255 14286 16367 18602
1,5,11800 14772 17129
1,5,12383 15461 16763
1,5,8695 13132 14564
1,5,1400 7249 16699
1,5,463 9723 12748
1,5,2192 6833 10456
1,5,297 2122 2224 13909
1,5,329 3640 17544
1,5,329 3640 9416 11764
1,5,2069 7288 10553 13112 13493
1,5,1142 1530 3413
1,5,11578 11774 12063 12271 17465 17693 17731
1,5,2294 8184 13077
1,5,5653 12534 12568
1,5,6766 7929 17166
1,5,3311 10879 13851
1,5,825 11800 16791
1,5,6 8067 15319
1,5,5472 7919 10715
1,5,7935 13410 19263
1,5,4006 4662 8687
1,5,5892 10546 12540
1,5,3094 5045 10680
1,5,8051 9581 13475
1,5,4160 8971 18408
1,5,557 5892 12540
1,5,10518 11696 15202 19020
1,5,2016 12131 18736
1,5,7765 9207 10602
1,5,2537 8997 15880 18732
1,5,4923 5694 14403
1,5,2404 6172 14522
1,5,6150 9967 11382
1,5,6948 9771 13832
1,5,4538 7477 14978
1,5,6624 8298 18675
1,5,2003 3078 5733 13044 16325 16790
1,5,8958 9605 12640
1,5,4159 4751 11730
1,5,13381 14342 17941
1,5,6256 6851 17446 18259
1,5,1890 6414 13016
1,5,2332 12308 16666
1,5,9170 11163 12643
1,5,685 8835 9827
1,5,6152 9274 18836
1,5,1615 6814 14381
1,5,2037 3567 4308 9830
1,5,9826 11696 15202 19020
1,5,1132 11616 15685
1,5,11327 13295 16207
1,5,1891 8502 18347
1,5,3713 3763 11561
1,5,892 19457 19543
1,5,10461 16256 17419
1,5,3866 8688 11523
1,5,12512 12835 14044
1,5,3926 5355 5876 14599
1,5,5733 14264 16325 16790
1,5,3417 10794 17542
1,5,7399 18933 19532
1,5,2595 3338 7190
1,5,9390 10130 12759 14286
1,5,10397 10693 19388
1,5,16236 17120 17647
1,5,3288 4424 6155 11662
1,5,4485 7403 16520
1,5,8617 8820 11629
1,5,8896 13782 15282 18199
1,5,11900 13560 15138
1,5,9614 12541 19562
1,5,7716 12641 16497
1,5,1570 6996 13301
1,5,2186 4786 14111
1,5,3158 4574 5032 6691 7530 12197
1,5,6136 9649 18348
1,5,3223 4684 14044
1,5,1570 2218 6996
1,5,6742 9391 12686
1,5,578 3081 6681 9624
1,5,3094 7773 10680
1,5,3288 6155 11662 18912
1,5,1642 9351 17917
1,5,11578 11774 12063 12271 14290 17693 17731
1,5,2540 2899 6864 8444
1,5,3620 8134 8609 18063 18265
1,5,2984 8248 14554
1,5,5427 16307 18490
1,5,9889 14511 16725
1,5,2194 10203 17763
1,5,15701 17669 18179
1,5,8395 11253 15262
1,5,5281 8667 15606
1,5,6180 16743 17563
1,5,1824 3781 14679
1,5,12541 14549 19562
1,5,731 4260 10961
1,5,3015 3796 13420
1,5,15529 16060 16066
1,5,5914 7683 13608
1,5,8484 14952 17024
1,5,1099 11797 13110
1,5,2537 15880 18732 19570
1,5,2037 4308 6774
1,5,6228 16709 17565
1,5,3899 16179 16310
1,5,6082 7507 11191
1,5,11509 13746 14130
1,5,1187 3525 8667 15606
1,5,8941 9390 10130 14286
1,5,1890 6414 12845
1,5,211 604 2500
1,5,2294 8184 8658
1,5,3675 4656 10501 10984
1,5,2750 3388 6298
1,5,6869 12020 13788
1,5,7903 10967 13296
1,5,621 7929 13814 16340
1,5,1610 12560 14165
1,5,3796 5453 13420
1,5,988 11325 14939
1,5,13736 13770 19142
1,5,2492 8125 16337
1,5,1451 17139 19502
1,5,2003 3020 3078 5733 13044 16325
1,5,7455 7854 15853
1,5,14657 15971 16197
1,5,4573 15296 16779
1,5,2783 9805 15033 16849 19387
1,5,7446 16256 17419
1,5,4115 5652 17916
1,5,4153 10421 16403
1,5,7639 8219 16765
1,5,4148 18137 18284
1,5,5598 5950 6019
1,5,142 1204 2778 9945
