0,0 1399 5910 6773 11059
0,2085 4770 6002 8243 13165
0,638 2034 3809 6358 6773 11059 12220 18531 18553
1,0 1399 3809 6773 11059
1,1435 5338 6002 11525 13165
1,6358 12220 17240 18531 18553
2,0 3809 6358 6773 11059 12220 18531 18553
2,0 638 1399 3809 5447 11525 13165
2,638 5447 6002 8243 11525 13165
3,0 638 1399 2034 3809 5447 12220
3,6358 15785 16587 17240 18531 18553
3,6358 6773 11059 12220 18531 18553
4,0 638 1399 2034 3809 5447 11525
4,1399 3809 5338 5447 11525 13165
4,638 1399 3809 5338 5447 5910 11525 13165
5,0 638 1399 3809 5338 5447 5910 11525
5,0 638 1399 3809 5338 5910 11525
5,2085 4770 6002 11137 13165
6,0 638 3809 6773 11059 12220 18531
6,2034 4668 5447 8243 12220
6,2085 6002 8243 11525 13165
7,0 638 2034 3809 5447 6358 6773 11059 12220
7,1399 3809 5338 5910 11525 13165
7,638 2034 3809 5447 6358 12220
8,0 1399 3809 5910 11059
8,1435 8560 11261 17174 18785
8,3809 6773 11059 12220 18531
9,0 638 1399 2034 3809 5447 6773 11059
9,1435 5338 11525 13165 17174
9,6358 6773 11059 12220 18531
10,1435 8560 11261 15149 17174 18785
10,2034 4668 6358 12220 18553
10,558 9106 14181 14911 16064
11,0 638 1399 3809 5338 5447 5910 11525 13165
11,6358 15785 16587 17240 18553
11,638 2034 5447 6358 8243 12220 18553
12,0 638 2034 3809 5447 6358 12220 18553
12,0 638 2034 3809 5447 6358 6773 12220 18531 18553
12,6713 8311 13229 13399 13920
13,1435 11261 15149 17174 18785
13,5447 6002 8243 11525 13165
13,638 2034 5447 6358 12220
14,0 1399 3809 5338 5910 11525
14,1435 5338 8560 11525 13165
14,638 2034 3809 5447 8243 12220
15,0 1399 5338 5910 16046
15,2034 4668 5447 6358 12220
16,0 638 2034 3809 5447 6358 6773 11059 12220 18531 18553
16,558 7205 9106 14911 16064
17,1435 8560 11261 15149 17174
17,638 2034 6358 6773 12220 18531 18553
18,0 638 2034 3809 5447 11525 13165
18,2085 4770 6002 8243 11137
19,0 638 1399 3809 5447 5910 11525 13165
19,0 638 2034 3809 6358 6773 11059 12220 18531
20,5481 10336 10749 12802 13076
20,6713 8498 13229 13399 13920
21,1399 5338 5447 11525 13165
21,558 9449 14181 14911 16064
22,0 638 1399 3809 5338 5910 11525 13165
22,0 638 2034 3809 6773 11059 18531
23,0 1399 3809 5910 16046
23,1222 6995 8377 12007 12473
24,0 638 2034 3809 5447 6358 12220 18531 18553
24,638 5447 8243 11525 13165
25,0 3809 6773 11059 12220 18531
25,2034 5447 6358 12220 18531 18553
26,1435 5338 8560 11525 15149
26,6358 6773 11059 18531 18553
27,0 2034 3809 6358 6773 11059 12220 18531 18553
27,0 3809 6773 11059 18531
28,0 1399 3809 5338 5447 5910 11525 13165
28,558 9106 9449 14181 14911 16064
29,0 638 1399 3809 5910 6773
29,6358 6773 12220 18531 18553
30,0 1399 3809 5910 6773 11059
30,0 638 2034 3809 5447 6358 6773 12220 18553
31,2034 6358 12220 17240 18531 18553
31,6713 8311 8498 13229 13399 13920
32,0 638 2034 3809 5447 6358 12220
32,638 5338 5447 11525 13165
33,6358 12220 15785 17240 18531 18553
33,638 2034 5447 8243 12220
34,0 638 1399 2034 3809 6773 11059
34,1399 3809 5338 5447 5910 11525 13165
35,0 638 2034 3809 5447 13165
35,638 2034 3809 5447 6358 6773 11059 12220 18531 18553
36,638 3809 5338 5447 11525 13165
36,8560 11261 15149 17174 18785
37,3809 6358 6773 11059 12220 18531
37,638 2034 5447 8243 13165
38,1435 5338 8560 11525 13165 17174
38,638 2034 3809 5447 6358 12220 18553
39,0 638 1399 2034 3809 5447 6773 12220
39,0 638 2034 3809 5447 6773 11059 12220
40,0 638 2034 3809 5447 6358 6773 11059 12220 18531
40,638 2034 5447 6358 12220 18531 18553
41,0 638 1399 2034 3809 5447 6773 11059 12220
41,6358 12220 15785 17240 18553
42,0 638 1399 2034 3809 5447 5910
42,0 638 1399 2034 3809 5447 5910 6773 11059
43,0 1399 5338 5910 11525
43,0 638 1399 3809 5910 11525
44,452 2494 11641 13443 14302
44,638 3809 5447 8243 11525 13165
45,0 638 1399 2034 3809 5447 5910 6773
45,1399 5338 5910 8560 11525
46,0 638 2034 3809 6358 6773 11059 12220 18531 18553
46,1399 5338 5910 8560 16046
47,1435 5338 8560 15149 17174
47,3809 6358 6773 11059 12220 18531 18553
47,5338 5447 6002 11525 13165
48,0 638 2034 3809 6773 11059 12220 18531
48,6358 15785 17240 18531 18553
48,638 2034 5447 8243 11525 13165
49,0 1399 3809 5338 5910 11525 13165
49,0 638 1399 3809 5447 5910 11525
49,0 638 2034 3809 5447 6358 6773 12220
50,1435 5338 8560 11261 15149 17174
50,558 9106 9449 14911 16064
50,638 2034 3809 5447 8243 13165
51,0 1399 5338 5910 11525 13165
51,638 2034 3809 5447 6358 12220 18531 18553
51,638 2034 5447 6358 8243 12220
52,1435 5338 8560 11525 15149 17174
52,15785 16587 17240 18531 18553
52,5338 6002 8243 11525 13165
53,0 638 1399 3809 6773 11059
53,0 638 2034 3809 5447 8243 12220
53,2034 6358 6773 12220 18531 18553
54,0 638 3809 6773 11059 18531
54,10070 10336 10749 12802 13076
54,638 2034 5447 6358 6773 11059 12220 18531 18553
55,2034 6358 12220 18531 18553
55,638 1399 3809 5338 5447 11525 13165
55,638 1399 5338 5447 11525 13165
56,0 638 1399 3809 5910 6773 11059
56,0 638 2034 3809 5447 6773 11059 12220 18531
56,9106 9449 14181 14911 16064
57,0 3809 6358 6773 11059 12220 18531
57,638 2034 3809 5447 6358 6773 12220 18531 18553
57,638 2034 3809 5447 8243 11525 13165
58,0 638 1399 3809 5447 5910 6773 11059
58,1399 5338 5910 11525 13165
58,5338 5447 6002 8243 11525 13165
59,2034 6358 6773 11059 12220 18531 18553
59,5338 5910 8560 15149 16046
59,638 5447 6002 8243 13165
60,0 2034 3809 6358 6773 11059 12220 18531
60,1435 5338 8560 11525 17174
60,2085 4770 6002 8243 11137 13165
61,0 638 2034 3809 5447 8243
61,2034 3809 6358 6773 11059 12220 18531 18553
61,638 2034 5447 6358 12220 18553
62,0 1399 3809 5338 5910
62,638 2034 5447 6358 6773 12220 18531 18553
62,638 2034 6358 6773 11059 12220 18531 18553
63,0 638 1399 3809 5338 5447 11525 13165
63,0 638 1399 3809 5447 5910 6773
63,2034 4668 5447 6358 12220 18553
