1 3 4 5 6 7 11 12 13 14 15
1 3 4 5 6 7 9 11 12 13 14
1 3 4 5 6 7 9 11 12 13 15
1 3 4 5 7 8 9 11 12 13 15
1 3 4 5 6 7 8 9 11 12 13 14
3 8 9 10 11 12 13 15
1 3 4 5 6 7 8 9 10 11 12 13 14
2 3 8 9 10 11 12 13 15
1 2 3 4 5 7 8 9 11 12 13 15
1 2 3 4 5 6 7 11 12 13 14 15
1 2 3 4 5 6 7 9 11 12 13 15
1 2 3 4 5 6 7 8 9 10 11 12 13 14
1 3 4 5 6 7 11 12 13 14 15 16
3 4 7 11 12 13 15 16 17
3 4 5 6 7 12 13 14 15 16 17
1 3 4 5 7 8 9 11 12 13 15
1 3 4 5 6 7 8 9 11 12 13 14
1 3 4 5 6 7 11 12 13 14 15 16
3 4 7 11 12 13 15 16 17
3 4 5 6 7 12 13 14 15 16 17
3 11 12 13 15 16 17 18
3 4 5 6 7 12 13 14 15 16 17 18
