16 9 3 13 12 15 11
3 9 11 12 13 15 16

14 16 11 13 12 6 5 1 7 4 3 15
1 3 4 5 6 7 11 12 13 14 15 16

8 16 13 12 9 11 15
8 9 11 12 13 15 16

17 7 11 13 12 16 15 4 3
3 4 7 11 12 13 15 16 17

17 9 13 12 16 15 11
9 11 12 13 15 16 17

2 6 9 15 13 12 11 3 5 1 7 4
1 2 3 4 5 6 7 9 11 12 13 15

2 14 15 13 12 11 3 6 5 1 7 4
1 2 3 4 5 6 7 11 12 13 14 15

2 8 5 15 13 12 11 3 9 1 7 4
1 2 3 4 5 7 8 9 11 12 13 15

10 15 13 12 2 8 9 11 3
2 3 8 9 10 11 12 13 15

10 14 13 12 2 8 9 11 3 4 7 1 5 6
1 2 3 4 5 6 7 8 9 10 11 12 13 14

18 11 13 12 17 16 15 3
3 11 12 13 15 16 17 18

18 14 13 12 17 16 15 3 4 7 1 5 6
1 3 4 5 6 7 12 13 14 15 16 17 18


20* 1 2 3 4 5 6 7 9 11 12 13 15
17* 1 2 3 4 5 6 7 11 12 13 14 15
21* 1 2 3 4 5 7 8 9 11 12 13 15
19* 1 2 3 4 5 6 7 8 9 10 11 12 13 14
7*  1 3 4 5 6 7 12 13 14 15 16 17 18
4*  1 3 4 5 6 7 11 12 13 14 15 16
18* 2 3 8 9 10 11 12 13 15
11* 3 9 11 12 13 15 16
8*  3 11 12 13 15 16 17 18
5*  3 4 7 11 12 13 15 16 17
12* 8 9 11 12 13 15 16
13* 9 11 12 13 15 16 17

