10004169
1000501 1250344 1313233 2948157 3160315 3206077 3489325 3904938 4665812 7354016 7853528
1000501 1250344 1313233 2948157 3160315 3206077 3489325 4665812 8387346
1000501 1313233 1457882 2289473 3020460 3160315 3206077 3489325 4665812 7194014 7288067 8387346
1000501 1313233 2948157 3020460 3160315 3206077 3489325 4665812 8387346
1000501 1457882 2208209 2289473 3020460 7194014 7288067 8387346
10015149 10032072 11123939 11158675 18079176
10032282
1006529
1008980 1063767 3828745 4125846 4513799 5416743 5592946 8171922 8224404
1008980 3828745 4125846 4513799 5536171 5592946 8171922 8224404
1008980 4125846 4513799 5536171 5592946 6278934 8171922 8224404
1008980 4125846 5510807 5536171 5592946 6278934 8171922 8224404
1008980 5510807 5536171 5592946 5850587 6278934 8171922 8224404 15090648
10094976 12991021 13840747
100973 17421900
10117153
10142043
1016907
10173494
10174224
10184966
10221064
10235156 11454211 12908579 15831228 16919346
1023841 1746326 3931266 6139985 7762073 9209406 11054844 15855679
10254207
1025855 1163066 2215982 3889666 11494335 16166451
1025855 1163066 3889666 10359429 11494335 14161826 15962011
1025855 1163066 3889666 10359429 11494335 14161826 16166451
1025855 1163066 3889666 11494335 14635098 15962011
10266778 18846792
10282506
1030853 2084659 5544563 8096636 15366665
10326758
1032720 1617649 3125497
1032720 3125497 3196588
10341973
1044329
1044587 1155431 1547404 2179635 2578657 2788543 3021370 3041135 3485022 3556992 4229431 4690713
1044587 1155431 2179635 2788543 3021370 3041135 3485022 3556992 4229431 4602923 4690713
1044587 1155431 4229431 4602923 4690713 5570307
1044587 1155431 4602923 4690713 4850362 5570307 5725610 5764787 6381638 7947016
10461128
10462280
1047573 1461175 2811745 4221956 5248785 5515756 5943126
1047573 1461175 2811745 4221956 5248785 5943126 6192728
1047573 2811745 4221956 5054952 5248785 5943126 6192728
1047573 2811745 4221956 5515756 8095397
1047872 1098149 1590013 1863914 2661364 4512964 5096593 6128988 7603510 12076283 12268210
1050659
10560463
10570110
10586237 14111322 14736256
1060064 1150448 4208332 4459129 5647603 5729725 6286390 7407102 7989793 9192039 10194850 15687434
1063767 3828745 4073399 4125846 4513799 5416743 8171922 8224404
1064186 1448356 2083101 4944416 7027956 16789315
1064186 1448356 2083101 7027956 11593696 16789315
1064186 2083101 3279682 4944416 16789315
1064186 2083101 3279682 4944416 8049038
1064534 1608112 3514503 4118127 4152250 4395016 4815261 5213893 6500528
1064534 1608112 3514503 4152250 4815261 5213893 5895106
1064534 1608112 3514503 4815261 5213893 5895106 14139320
1064809
10696408 13099677 14210575
1075830
1076653
10794556
10819912
10821636
10860112 11807926
1086888 3360076 10889576 14494765 14818176
10887099
10897020
10916262
1093637 1157491 1315506 1468788 1781633 4918868 4941327 4983158 8576498
1093637 1157491 1315506 1468788 1781633 4918868 4941327 4983158 9383148
1093637 1157491 1420247 1468788 1781633 2427268 2936834 3022464 4487217 4918868 5990143 8576498
1093637 1157491 1468788 1781633 2427268 3022464 4487217 4918868 4941327 4983158 8576498
1093637 1157491 1468788 1781633 2427268 3022464 4487217 4918868 4941327 5990143 8576498
1093637 1420247 1781633 1948188 2427268 2936834 2981303 3022464 4562798 8576498
1093637 1420247 1781633 2427268 2936834 3022464 4487217 4918868 5990143 6819085 8576498
10944178 14883916
1094769 1348737 1379389 1405275 1717539 1788792 2014418 3042988 3509869 3574722 3871025 4917422 5012966 5675346 7264176 9054638 9251313 9860284 10244506 10949362 11734367
109570 163844 331862 1116966 1300158 1403136 1404253 1505980 1583110 1593357 1618789 1820157 1851977 2298097 2567509 2856237 2961194 2994794 3026973 3196730 3298777 6750132
109570 163844 331862 413711 1047573 1116966 1296063 1404253 1461175 1540289 1551298 1583110 1593357 1618789 2811745 2856237 2961194 3026973 5521070
109570 163844 331862 413711 1116966 1296063 1300158 1403136 1404253 1461175 1505980 1540289 1551298 1583110 1593357 1618789 1820157 1851977 2298097 2567509 2856237 2961194 2994794 3026973 3196730 3298777
109570 163844 331862 413711 1116966 1296063 1404253 1461175 1505980 1540289 1551298 1583110 1593357 1618789 1820157 2298097 2567509 2856237 2961194 3026973 3196730 3298777 5521070
109570 163844 413711 819674 1116966 1296063 1300158 1403136 1404253 1461175 1505980 1540289 1551298 1583110 1593357 1618789 1820157 1851977 2298097 2567509 2847618 2856237 2961194 2994794 3026973 3196730 3298777
109570 163844 819674 1116966 1296063 1300158 1403136 1404253 1505980 1540289 1583110 1593357 1618789 1820157 1851977 2221760 2298097 2567509 2847618 2856237 2961194 2994794 3026973 3196730 3298777
109570 163844 819674 1116966 1300158 1403136 1404253 1505980 1583110 1593357 1618789 1820157 1851977 2221760 2298097 2567509 2847618 2856237 2961194 2994794 3026973 3196730 3298777 6750132
109570 163844 819674 1296063 1300158 1403136 1404253 1461175 1505980 1583110 1593357 1618789 1820157 1851977 2298097 2567509 2847618 2961194 2994794 3026973 3196730 3298777 4133681
109570 163844 819674 1296063 1300158 1403136 1404253 1505980 1583110 1593357 1618789 1820157 1851977 2221760 2298097 2567509 2847618 2961194 2994794 3026973 3196730 3298777 4133681
109570 163844 819674 1300158 1403136 1404253 1505980 1583110 1593357 1618789 1820157 1851977 2221760 2298097 2567509 2847618 2961194 2994794 3026973 3196730 3298777 4133681 6750132
109570 331862 413711 1047573 1116966 1404253 1540289 1551298 2811745 2856237 5521070 16906206
10997522
11021192
1105826 1689423 1902233 2289410 2340018 4443557 6444550 6832099 8107832 8948595 10283641 12512728 16418070
1105826 1689423 2289410 2340018 4216973 4443557 6290220 6444550 6832099 8107832 8948595 10283641 10600644 12512728 14498522
1105826 1689423 2289410 2340018 4216973 4443557 6290220 6444550 6832099 8107832 8948595 10283641 10600644 12512728 16418070
1105826 1689423 2289410 2340018 4216973 6290220 6444550 8107832 8948595 10283641 10600644 11790382 12512728 14498522
1105826 1689423 2289410 2340018 4216973 6290220 6444550 8107832 8948595 10283641 10600644 11790382 12512728 16418070
1105826 4216973 6290220 6444550 8107832 8948595 10283641 10600644 11790382 12512728 14498522 15884904
1105826 4216973 6290220 6444550 8107832 8948595 10283641 10600644 11790382 12512728 15884904 16418070
11072801 12386435
11083962
1109046 2589214 3273926 14548788
11095858
1113655 2591707 5359836 5475061 6242917 7302338 7967750 8830896 9276533 10395573 10690327
111649 1018744 1211456 2115514 2235546 3039064 3749369 4308400 6617231 10123405 10851866 11770729 12417124
111649 1018744 1211456 2115514 3039064 3749369 4308400 6617231 10123405 10851866 11770729 12417124 16234589
111649 1211456 6503220 7560254 8298476 10123405 10851866 11770729 12417124 16234589
11166690
11182777
1121667 1157787 2579914 4650839 4927686 5122634
1121667 1157787 2579914 4650839 5122634 10100129 10466236
1121667 4650839 10100129 10466236 12336879
11228375
113354 1094769 1348737 1379389 1405275 1717539 1788792 2014418 3042988 3509869 3574722 3871025 4917422 5012966 7264176 9054638 9251313 9860284 10244506 11734367
113354 138466 157832 567294 665031 856743 1094769 1348737 1641063 1788792 2215170 3509869 3871025 4208332 4459129 4917422 5012966 10244506 11734367 15949764
113354 453808 1094769 1348737 1379389 1405275 1717539 1788792 2014418 3042988 3509869 3574722 3871025 4917422 5012966 7264176 10244506 11734367
11373595
1139030 1370636 2097774 17055378 17684255
11393249
11411661
11432643
1145861 2313227 3507966 3540545 3758772 4220243 4298608 4474519 4689122 4784802 4906063 5287690 8010977
11461671
11463028 13173399
11502570
11542897
11543535
11563057
11603543
1166099
1169417 1277182 1391250 1539632 1562357 1706403 1800043 3057519 5003022
1169417 1277182 1539632 1706403 1800043 3057519 5003022 11262699
1169417 1277182 1706403 1800043 3723250 5003022 11262699
1169417 1391250 1539632 1562357 1706403 1800043 1812048 3057519 3510414 3530486 3799502 3983832 4050717 4313935 4410500 4510604 5282246
1169417 1391250 1539632 1562357 1706403 1800043 1812048 3057519 3510414 3530486 3799502 3983832 4050717 4313935 4510604 5282246 13680508
1169417 1391250 1539632 1562357 1812048 3057519 3510414 3530486 3799502 3983832 4050717 4313935 4510604 5282246 12275639 13680508
11719361
11752844 17308569
11779360
11785968
11800435
11839736
1184220 1203783 1578077 2165009 2565334 3804021 4722508 5091252 5704893 5772009 5890777 6507026 7044110 7260557 7813729 8208090 9747944
1184220 1203783 1578077 2165009 2565334 3804021 4722508 5091252 5704893 5772009 5890777 6507026 7044110 7260557 8208090 9747944 9791891
1184220 1203783 1578077 2165009 2565334 4722508 5091252 5704893 5772009 5890777 6507026 8208090 9747944 9791891 10427144
11845052
11859442
11863894
11867834 14461605
1186959 1344293 1775968 2246710 2418341 3019792 3475203 3622404 4587349 8824938 13354532
1188298 2084659 3256002 4033249 4814811 5544563 8013170 8096636 10395659 15366665
1188298 2084659 3256002 4033249 4814811 5544563 8013170 8096636 8593873 10395659
11904308 12136788 12812461
1191854 1541708 2578255 3078863 3459901 3793355 4441450 4623555 4651105 4972056 5854820 9440762 9889003 12061510
1191854 1541708 3459901 3793355 4441450 4623555 4651105 4972056 5854820 9440762 9889003 12061510 12513144
1191854 1541708 3459901 3793355 4623555 4972056 5854820 9440762 9889003 12061510 12513144 14436305
11925273
11944581
12006216
12028224
12060492
12066022
12076283 12268210 15962011
12098388
1211410
1211611 1361884 2063896 2871469 3367074 3373363 3382432 3723401 4205581 4218328 5102175 5548463 5927493 6279963 6567303
1211611 1361884 2871469 3367074 3373363 3382432 3723401 4205581 4218328 5102175 5548463 5927493 6279963 6567303 8113109
1211611 1361884 3367074 3373363 3723401 4205581 4218328 5102175 5548463 5927493 6279963 6567303 8113109 9454635 10198871
1211611 3367074 3373363 3723401 4205581 4218328 5102175 5548463 5927493 6279963 6567303 6962752 8113109 9454635 9710046 10198871
121354 596559 1450966 1786813 3667853 3682406 3812824 5042284 5937848 6945377 8145858 8750483 8912993
121354 596559 677047 1786813 1929058 3367523 3667853 3682406 3812824 4377597 4623361 4779051 4941781 5937848 8145858 8750483
121354 596559 677047 1786813 1929058 3367523 3667853 3682406 3812824 4377597 4623361 4779051 4941781 6913730 8145858 8750483
121354 596559 677047 1786813 3367523 3667853 3682406 3812824 4377597 4623361 4779051 4941781 5937848 8145858 8750483 8912993
121354 677047 1929058 3367523 3667853 3682406 3812824 3996507 4377597 4623361 4779051 4941781 6913730 7518956 7839387
121354 677047 1929058 3367523 3667853 3682406 3812824 3996507 4377597 4623361 4779051 4941781 6913730 7839387 8145858
121354 677047 1929058 3367523 3667853 3682406 3812824 4377597 4623361 4779051 4941781 6913730 7839387 8145858 8750483
1215972 2414866
1215972 6507026 9791891 10427144
121674 270865 553032 653575 687085 808290 887806 1035009 1261711 1380759 1440646 1645062 1751894 2655659 2775979
121674 270865 653575 687085 727512 808290 887806 1035009 1380759 1440646 1645062 1751894 2655659 2775979
12170758
1218790 2103887 2191151
1218790 2103887 4220243 8010977
1218790 2191151 4697921 7380356 7935073 9278184 9485937
1218790 2191151 5547261 7380356 7935073 9278184 9485937
1218790 4220243 5547261 7380356 7935073 8010977 9485937
1218790 5547261 7380356 7935073 8010977 9278184 9485937
1221495 1271790 1788120 1858154 1990124 2972628 3446272 3701543 3937175 4324287 4470450 5281876 6188240 6690306 13572964
1221495 1271790 1788120 1858154 1990124 2972628 3446272 3701543 3937175 4470450 5281876 8546496 10594018
1221495 1271790 1788120 1858154 1990124 3446272 3701543 3937175 4189865 4324287 4470450 5281876
1221495 1271790 1788120 1858154 1990124 3701543 3935253 3937175 4189865 4324287 4470450 5281876
1221495 1271790 1788120 1858154 1990124 3701543 3935253 3937175 4189865 4470450 5281876 6515292
1221495 1271790 1788120 1858154 1990124 3701543 3935253 3937175 4324287 4470450 5281876 6188240
1221495 1271790 1788120 1858154 1990124 3701543 3937175 4470450 5281876 6515292 10594018
12257792 15462762 16658725
12260135 12773550 12877404
12260135 12773550 14421081
12284390
123042 6719824 9209406
1230789 1512131 3331390 3759305 4704841 5231203 5625602 5814993 6919454 7448979 8821675 10161103
1230789 1512131 3759305 4530815 5231203 5814993 6919454 7448979 10161103
1230789 1512131 3759305 4530815 5231203 5814993 7448979 10043490 10161103
1232396
12330060
123781 1798151 1961356 3173276 3198033 3222609 3255109 5903922 7399969 7498088 7802386
123781 1798151 1961356 3173276 3198033 3222609 3255109 5903922 7498088 7802386 9898268
123781 1798151 3173276 3198033 3222609 3255109 3633695 4122773 5903922 7498088 7802386 9898268
123781 1798151 3173276 3198033 3222609 3255109 3633695 5903922 7399969 7498088 7802386
123781 401988 948014 1263505 1798151 1961356 2147981 3198033 3255109 5903922 7085106 7399969 7498088 7802386
123781 401988 948014 1777700 1798151 1961356 2147981 3198033 3255109 5903922 7085106 7498088 7802386
123781 914943 1422765 1777700 1798151 1891902 1961356 1977978 3198033 7085106 7160150 7498088 9898268
123781 948014 1422765 1777700 1798151 1961356 2147981 3198033 3255109 5903922 7085106 7160150 7498088 7802386
123781 948014 1422765 1777700 1798151 1961356 3198033 3255109 5903922 7085106 7160150 7498088 7802386 9898268
123781 948014 1798151 1961356 3173276 3198033 3255109 5903922 7399969 7498088 7802386
123781 948014 1798151 1961356 3173276 3198033 3255109 5903922 7498088 7802386 9898268
12378189 16310799
1238475 1624773 10071800 10468858 12899530
1238475 1624773 10468858 11154406 12899530
1238475 1624773 3043909 11154406 12899530
12466436
12474929
1249153
1250344 1313233 2211699 2948157 3160315 3489325 3495054 3904938 7354016 7853528
1250344 1313233 2211699 2948157 3495054 3904938 4480467 7354016 7853528
1250344 2211699 2948157 3017253 3495054 3904938 4480467 4691491 7354016 7853528
1250344 2211699 3017253 3495054 3904938 4480467 4691491 4763227 7354016 7853528 9196703
12542109 13099677
12542109 16310799
1254516 1537246 1643424 1662607 3176454 3500672 3821543 12774895
1254516 1769737
12548460 15677068
12584612
126030 5861578 8502254 8876540 9442063 9620984
126030 8502254 8876540 9425595 9442063 10053203 10288932
126030 8502254 8876540 9425595 9442063 9620984 10053203
126030 8502254 9305579 9425595 9442063 10053203 10288932 12248050
1261815 2992908 6939807 11907565
1261815 2992908 7248952 9712393 11907565
1261815 6939807 7188168 7301581 11907565
12629322
12648244
1268594
1268858 1615576 1689423 1902233 2289410 2340018 2660027 4443557 5335400 6832099 8822765
1268858 1615576 1689423 1902233 2289410 2340018 4443557 6832099 10283641
1268858 1689423 1902233 2289410 2340018 2660027 4443557 6832099 12512728 16418070
1268858 1689423 1902233 2289410 2340018 4443557 6832099 10283641 12512728 16418070
12727098
1275478
12761682 12856748 13160657 13389021 14056073
12788790
12802273
1280864 8240057 8919874 9665362 10505923 10666945 12031902 12470452 12479282
1280864 8240057 9665362 9789582 12479282
1280864 9665362 10666945 10730043 11255407 11586777 12470452 12479282
1281158 3019792 3843792 5966692 6558060 7436163 8139999 14268083
1281158 5690260 5966692 6558060 6590160 7436163 8139999 8263902 10690163 11454699 15834344 16926651
1281158 5966692 6558060 6590160 7436163 8139999 8263902 11454699 14268083 15834344 16926651
12839243
12870268
12871663
12913025
129349 730552 1420586 2003265 3406163 3650326 5173914 5561089 6383774 8722378
12984848
1299917
13016757
13032785
1303935 2722990 5643042 5841111 8622242 10169705 11458456
130640 170046 177965 594954 824032 936838 1164565 1479843 2010553 2062343 2303174 3024219 3358792 5210392 6524013 11483747
130640 170046 594954 824032 1479843 2010553 2062343 2303174 3024219 3358792 3736569 5210392 6524013 11483747
13079672
1309751 2002435
13148169
13188134
13205681
1320580 2473565
1320580 3080771
13208792
13220294 15677068
13284433
13291194 17365427
132913 194474 331489 468584 508206 792462 1495203 1677961 1918197 2754015 2832326 4359889 4670899 7029878 7128356 7932332 8434933 9084775
132913 194474 331489 468584 508206 792462 1495203 1677961 1918197 2754015 2832326 4359889 4670899 7029878 7128356 8434933 9084775 17913446
132913 194474 331489 468584 508206 799132 1495203 1677961 1918197 2754015 2832326 4359889 4670899 7029878 7128356 7932332 8434933 9084775
132913 194474 331489 468584 508206 799132 1495203 1677961 1918197 2754015 2832326 4359889 4670899 7029878 7128356 8434933 9084775 17913446
132913 194474 331489 792462 2754015 4359889 4670899 6623000 7128356 9084775
132913 331489 468584 508206 799132 1318753 1495203 1677961 1918197 2072640 2269953 2754015 2832326 3285591 7029878 7128356 7932332 8434933 9084775
132913 331489 468584 508206 799132 1318753 1495203 1677961 1918197 2072640 2269953 2754015 2832326 3285591 7029878 7128356 8434933 9084775 17913446
132913 331489 468584 508206 799132 1495203 1677961 1918197 2269953 2754015 2832326 4359889 4670899 7029878 7128356 7932332 8434933 9084775
132913 331489 468584 508206 799132 1495203 1677961 1918197 2269953 2754015 2832326 4359889 4670899 7029878 7128356 8434933 9084775 17913446
13328
133671 1038789 3567677 5050700 5109665 5506169 6470571 9170097
133671 1038789 3567677 5050700 5431029 5506169 6470571 6825428 9170097
133671 1038789 5109665 5506169 9170097 10330336 10769749 12331235
1341535 6020657 6664035 6924891 8157923 8832578
1341535 6600142 6664035 6680594 6924891 7062841 7344019 7857190 7880480 8157923 8590509 8687593 8832578 9124806 9932484 10372320 10493787 11695287
1341535 6600142 6664035 6680594 6924891 7062841 7344019 7857190 8157923 8590509 8687593 9124806 9932484 10372320 10493787 10926112 11695287
1341535 6600142 6680594 6924891 7062841 7344019 7857190 7880480 8590509 8687593 9124806 9932484 10372320 10493787 11180615 11695287 11839152 15017206
1341535 6600142 6680594 6924891 7062841 7344019 7857190 8590509 8687593 9124806 9932484 10372320 10493787 10926112 11180615 11695287 11839152 15017206
13416150
1348737 1379389 1405275 1717539 1788792 2014418 3509869 3574722 3871025 4917422 5012966 5675346 7264176 9054638 9251313 9860284 10243022 10244506 10949362 11734367
134912 261953 426382 441927 656610 798840 895836 911033 1049655 1078952 1261266 1693315 2626971 3249063 3548560 5956301
134912 261953 426382 441927 656610 798840 895836 911033 1049655 1078952 1261266 1693315 2626971 3548560 3723250 4534675 9294125 12687525
134912 261953 426382 441927 656610 798840 895836 911033 1049655 1078952 1261266 1693315 2626971 3548560 3723250 5956301 9294125 12687525
134912 261953 426382 656610 798840 895836 911033 1049655 1078952 1261266 1693315 2626971 3548560 3723250 5956301 9294125 11262699 12687525
134912 426382 656610 798840 1078952 1693315 2626971 2742724 3548560 4534675 9294125 12687525
1360738 4750722 9153621
1364103 10074037 11899920 12790547 16790112 16839090
13652244
13672732 13865094 15923076 16025902
13693871
1374240 2106757
13753613
13760768
1378937 13981022
1379324 2772611 3202154 3314122 4100682 4706650 4982793 5304032 5838733 5972430 9795933 15880835
1379324 3202154 3314122 4100682 4706650 4982793 5304032 5838733 5972430 6714065 7221170 9795933 15880835
1379324 3202154 3314122 4100682 4706650 4982793 5304032 5838733 6714065 7221170 7370521 9795933 15880835
13806454
13829294
13843537
13912336
1391250 1539632 1562357 1812048 3057519 3510414 3530486 3799502 3983832 4050717 4313935 4410500 4510604 5282246 7650125
1391250 1562357 1812048 3141600 3510414 3530486 3799502 3983832 4050717 4313935 4410500 4510604 5282246 7650125
1391250 1562357 1812048 3141600 3510414 3530486 3799502 3983832 4050717 4313935 4510604 5282246 12275639
13933418
13961036
14016556
14051397
1405275 1717539 2014418 3574722 5675346 7264176 9054638 9251313 9860284 10243022 10949362 16482993
14082409
14111322 14736256 15827485
141183 163844 819674 1296063 1300158 1403136 1505980 1583110 1593357 1618789 1820157 1851977 2221760 2298097 2567509 2847618 2961194 2994794 3026973 3196730 3298777 4133681
141183 163844 819674 1300158 1403136 1505980 1583110 1593357 1618789 1820157 1851977 2221760 2298097 2567509 2847618 2961194 2994794 3026973 3196730 3298777 3880753 4133681 6750132
141183 163844 819674 1300158 1403136 1505980 1583110 1820157 1851977 2221760 2298097 2567509 2847618 2961194 2994794 3026973 3196730 3298777 3880753 4133681 4941420 6750132
141183 407426 1208232 3537671 4226561 4657252 5133674 5215474 5512224 5762281 6196466 7044998
141183 407426 1208232 3537671 4226561 4941420 5133674 5215474 5512224 5762281 6196466 7044998
141183 407426 2847618 3537671 3880753 4133681 4226561 4941420 5215474 5512224 5762281 7044998
141183 407426 3537671 3880753 4133681 4226561 4941420 5133674 5215474 5512224 5762281 7044998
141183 407426 3537671 3880753 4226561 4941420 5133674 5215474 5512224 5762281 6196466 7044998
141183 819674 1300158 1403136 1851977 2221760 2847618 2994794 3298777 3880753 4133681 4226561 4941420 5762281 7044998
141183 819674 1851977 2847618 2994794 3880753 4133681 4226561 4941420 5215474 5762281 7044998
141183 819674 2847618 2994794 3880753 4133681 4226561 4941420 5215474 5512224 5762281 7044998
14127298
14157280
14178067
1418233 2252169 3556538 3946109 5031705
1418848 2098855 2382646 2633554 3079989 3096978 3524674 4098651 5210857 5476633 6209288 6708474 7178302 9589564 13439858
1420247 1781633 1948188 2427268 2936834 2981303 4562798 4584456 8576498
1420586 7126893
1421252 1938836 2145158 2468522 4045056 4165141 4364144 4377072 4545923 4711155 9107822
1421252 1938836 2468522 4045056 4165141 4364144 4377072 4711155 9107822 9265665 11837939
14231408
1426163
1438 130640 170046 177965 368813 594954 824032 936838 1164565 1479843 1629330 2010553 2303174 2768281 3024219 3358792 8298476
1438 130640 170046 177965 594954 824032 936838 1164565 1479843 1629330 2010553 2062343 2303174 2768281 3024219 3358792 6524013 8298476
1438 130640 170046 177965 594954 824032 936838 1164565 1479843 1629330 2010553 2062343 2303174 3024219 3358792 6524013 8298476 11483747
1438 130640 177965 368813 594954 824032 936838 1164565 1479843 1629330 2010553 2303174 2768281 3024219 3358792 6503220 7560254 8056053 8298476
1438 130640 177965 368813 594954 824032 936838 1164565 1479843 1629330 2303174 2768281 3024219 4740323 6503220 7560254 8056053 8298476
1438 130640 177965 368813 594954 824032 936838 1164565 1629330 2768281 4740323 6503220 7560254 8056053 8298476 12460791
1438 1629330 6503220 7560254 8056053 8298476 12460791 14789723 16234589
1438 177965 368813 594954 743245 824032 936838 1164565 1629330 2768281 3024219 4740323 6503220 7560254 8056053 8298476
1438 177965 368813 594954 743245 824032 936838 1164565 1629330 2768281 4740323 6503220 7560254 8056053 8298476 12460791 14789723
1442819 1726961 5148539 5793042 6246588 9908474 11275961 11681677 14713910
1442819 1726961 5148539 6017372 6246588 9908474 11275961 11681677 13160677 14713910
1442819 2752871 4966008 6017372 6246588 9402907 9815596 9908474 10428121 11275961 13160677 13713492 13803609 14713910 15586521 16254085
1442819 2752871 4966008 6017372 6304832 7922683 9402907 9815596 9908474 10428121 11275961 13160677 13713492 13803609 14713910 15586521 16254085
1442819 5148539 6017372 6246588 9908474 11275961 13160677 13713492 13803609 14713910 16254085
1448356 7027956 8026814 11593696
1448519
14512948
14546 16752 25694 60346 172977 223269 231214 333437 468178 635226 1059449 1173150 1293088 1374555 5717560
14546 16752 25694 60346 172977 223269 231214 333437 468178 635226 668092 1059449 1173150 1293088 1374555
14546 16752 25694 60346 172977 223269 231214 414855 468178 635226 689060 1173150 1293088 1374555 1921184 2062482 2138434 3001736 5717560
14546 16752 25694 60346 172977 223269 231214 468178 635226 668092 1059449 1173150 1293088 1374555 1921184
14546 16752 25694 60346 172977 223269 231214 468178 635226 689060 1059449 1173150 1293088 1374555 1921184 3001736 5717560
14546 223269 333437 635226 1059449 1374555 2330752 5717560
14546 223269 598750 635226 1059449 1374555 2330752 2833922 3556849 5717560
14546 39056 598750 2330752 2833922 3556849 3834087 4163056 4517325 4562096 5717560
14546 414855 689060 1702443 1921184 2062482 2138434 3001736 4322777 4896330 5717560 7297861
14546 598750 1374555 2330752 2833922 3556849 3834087 4163056 5717560
14564727
1459332 2748484
14632689
146568 8636773
14669111
14681669
14827158
14832643
1483827 11238974
1483827 1670792 2077326 2462634 2654963 2666802 3419437 3422092 3426919 3603441 3623520 3837965 4128000 4389627 4442781 4795675 5331971 6676305 6732489 7067589 7068873 7091201 8395987
1483827 2077326 2462634 2654963 2666802 3419437 3422092 3426919 3623520 3837965 4128000 4389627 4442781 4795675 5205033 5331971 6676305 6732489 7067589 7068873 7091201 8395987
1483827 2077326 2462634 2654963 3419437 3422092 3426919 3623520 4128000 4389627 4442781 4795675 5205033 6676305 6732489 6992956 7067589 7068873 7091201 8395987
14889881
14891031
1489622 1512131 1643726 1685927 1843340 1947314 1983726 2308184 2563681 4530815
1489622 1512131 1643726 1685927 1843340 2563681 4530815 7448979
1489622 1512131 1643726 1685927 1843340 4530815 7448979 10043490
1489622 1512131 1643726 1843340 4530815 6919454 7448979
1489622 1512131 4530815 5231203 6919454 7448979 10161103
1489622 1512131 4530815 5231203 7448979 10043490 10161103
1497673 5551245 6877290 11907734
1497673 6615029
15007222
15028230
15065559
15116728
15128616
15129586
1517056 2317272 17665002
1517315
1517846
1519200
15202 1524051 1989805 4064067 4743482 4795806 4992319 5046703 5060459 5214648 5503065 5685626 6476897
15202 1524051 1989805 4064067 4743482 4795806 4992319 5046703 5060459 5503065 5505541 5685626 6160853 6281391
15202 1524051 1989805 4064067 4743482 4795806 4992319 5046703 5060459 5503065 5685626 6281391 6476897
15202 1524051 1989805 4064067 4795806 4992319 5046703 5060459 5214648 5503065 5791701 6476897 10004682
15202 1524051 3765340 4743482 5046703 5505541 5685626 6160853 6281391 7158179
15202 1524051 4743482 5046703 5060459 5503065 5505541 5685626 6160853 6281391 7158179
1521938 2392649 4879142 5864014 5994501 6182021 8080734 8764512 8872751 9619974 9901895 12363157 12662016 12701632 13751869
1521938 3809560 4050958 4443519 4813560 5792975 5864014 5880393 5994501 8080734 8764512 8872751 9619974 9901895
1521938 4050958 4443519 4813560 4879142 5792975 5864014 5880393 5994501 8080734 8764512 8872751 9619974 9901895
1521938 4050958 4443519 4813560 4879142 5792975 5864014 5880393 5994501 8080734 8764512 9619974 10761051
1521938 4443519 4813560 4879142 5792975 5864014 5880393 5994501 8080734 8764512 8872751 9619974 9901895 12701632
1521938 4443519 4813560 4879142 5792975 5864014 5880393 5994501 8080734 8764512 9619974 10761051 12701632
1521938 4443519 4879142 5792975 5864014 5880393 5994501 8080734 8764512 8872751 9619974 9901895 12662016 12701632
15224782
15237872
1524104 1748494 2648251 2842887 3265409 3474510 3770910 3809560 3983197 4136499 4241374 5061367 5135752 5744539 5756251 5888174 6138757 7038522
1524104 1748494 2648251 2842887 3265409 3770910 3809560 3983197 4050958 4136499 4241374 4443519 4813560 5061367 5135752 5744539 5756251 5792975 5880393 5888174 5994501 6138757 7038522 8080734
1524104 1748494 2842887 3474510 3770910 4136499 5061367 5135752 5744539 5756251 5888174 6138757 7038522 7828669
1524104 1748494 3474510 3770910 4136499 5061367 5135752 5140274 5744539 5756251 5888174 6138757 6714971 7828669
1524104 2648251 2842887 3265409 3770910 3809560 3983197 4050958 4136499 4241374 4443519 4813560 5061367 5135752 5744539 5756251 5792975 5864014 5880393 5888174 5994501 6138757 7038522 8080734 8219345
1524104 2648251 2842887 3265409 3770910 3809560 3983197 4050958 4136499 4241374 4443519 4813560 5061367 5135752 5744539 5756251 5792975 5864014 5880393 5888174 5994501 7038522 8080734 8219345 8764512
1524104 2648251 2842887 3265409 3770910 3809560 4050958 4136499 4241374 4443519 4813560 5061367 5135752 5744539 5756251 5792975 5864014 5880393 5888174 5994501 6138757 6969192 7038522 8080734 8219345
1524104 2648251 2842887 3265409 3770910 3809560 4050958 4136499 4241374 4443519 4813560 5061367 5135752 5744539 5756251 5792975 5864014 5880393 5888174 5994501 6969192 7038522 8080734 8219345 8764512
1524104 2648251 2842887 3770910 3809560 4050958 4136499 4241374 4443519 4813560 5061367 5135752 5744539 5756251 5792975 5864014 5880393 5888174 5994501 6138757 6969192 7038522 8080734 8219345 9690397
1524104 2648251 2842887 3770910 3809560 4050958 4136499 4241374 4443519 4813560 5061367 5135752 5744539 5756251 5792975 5864014 5880393 5888174 5994501 6969192 7038522 8080734 8219345 8764512 9690397
15339101
1538032
1541708 2578255 3078863 3141600 3459901 3793355 4441450 4623555 4651105 4972056 5854820 9440762 9889003
1541708 2578255 3078863 3141600 3459901 3793355 4441450 4651105 4972056 7650125
15425464
1542765 3319678 4461528
15465652
155057 223928 243152 972780 1098149 1960035 2063896 2732767 2789027 2793322 2871469 3563133 4236209 7260793
155057 223928 243152 972780 1098149 1960035 2063896 2732767 2793322 2871469 7260793 7603510
155057 223928 972780 1098149 1960035 2732767 2789027 2793322 2871469 3563133 4236209 4582368 7260793
155057 223928 972780 1098149 1960035 2732767 2793322 2813276 3563133 4236209 4582368 7260793
155057 223928 972780 1098149 1960035 2732767 2793322 2813276 7260793 7603510
15526912
1556297
1561231
15614104
1562357 1812048 2578255 3078863 3141600 3510414 3530486 3799502 3983832 4050717 4313935 4410500 4510604 5282246 7650125
1562357 1812048 3078863 3141600 3510414 3530486 3799502 3983832 4050717 4313935 4510604 5282246 12275639
1567520 4820860 5494960 8624436 12015406 13049497 18124074
1567520 4820860 6508171 8624436 12015406 13049497
15699660
1571600 2090706 2185132 2205522 2611105 3376155 4039531 4247150 4817048 5014461 5375205 6235427 6265955 6859078 7254543
15727225
1578100 12029261 15228855 16592784
1578100 4054810 13892365
1578100 4054810 15228855
15792684
15797926
15825828
15867951
15923854
15924718
1594818 1844597 2401892 2418012 3075187 3118438 3411823 3561694 4589941 4679389 4684797 4691218 7091259
15953117
1597188 3229021 3415516 3583352 4013763 5192366 5873527 5966888 6980296 10511254 12946620 15239565
1597188 3229021 3415516 3583352 5192366 5873527 5966888 6176683 10511254 12946620 15239565
15973500
15982769
1599806 3980240
1607332 14412536
1608112 4118127 4152250 4395016 6500528 8250857
160920 1025855 1163066 1767197 1964020 2215982 5219529 11494335 14635098
160920 1025855 1163066 2215982 3889666 5219529 11494335 14635098
160920 1767197 1964020 2138551 2215982 5219529 11494335 14635098
160920 923790 1276892 1621999 1745249 1767197 1964020 2138551 2215982 2391565 3658473 5808264 5936160 6408901 7111038 8179746 8621513 12548209
160920 923790 1276892 1621999 1767197 1964020 2138551 2215982 2391565 3658473 5219529 5808264 5936160
1611463
1620603 4200314 16964585 17203428
1620603 4200314 8156707 13558213 17203428
1620603 5983838 6175366 8156707 13558213
1620603 5983838 8156707 13558213 17203428
1624108
1624773 3043909 11154406 12257792 12899530 16658725
1625912
16265755
16314420
16394134
1643424 3176454 3500672 3821543 9745364
16435603
16456785
1649180 2684228 3450708 5707216 7044998 19148789
16501739
1655428 1902213 2722756 3009418 4100682 4582248 4982793 6714065 7045646 7370521 10839159
16579262
16586200
16630075
16738979
16752 25694 60346 172977 223269 231214 333437 468178 635226 668092 1059449 1173150 1293088 1374555 2595988
16752 25694 60346 172977 231214 414855 468178 689060 1018744 1173150 1293088 1921184 2062482 2115514 2138434 2235546 3001736 3039064
16752 60346 414855 468178 689060 1018744 1173150 1293088 2062482 2115514 2138434 2235546 3039064 3749369
16752 60346 414855 689060 1018744 1173150 1293088 1921184 2062482 2115514 2138434 2235546 3039064 4308400
16752 60346 414855 689060 1018744 1173150 1293088 2062482 2115514 2138434 2235546 3039064 3749369 4308400
1675332
1677351 5709659 15261484
1677351 5983838 6175366 15261484
1681358 1740139 1929058 3367523 3765340 4377597 4779051 7158179 11257710 12784674
1681358 1740139 1929058 3765340 5505541 6160853 7158179 11257710 12784674
1681358 1740139 3765340 4743482 5505541 5685626 6160853 6281391 7158179 11257710 12784674
1688288 1732598 2588978
1688288 1944612 2588978
1698032 8507711 11475130 12273879 12365260 12778317 13036036 13469630
1698032 8507711 9097541 11475130 12273879 13036036 13469630
1699698
170046 350899 2010553 2062343 3736569 3830016 5210392 6524013 11483747
170046 350899 2045212 2062343 2562635 3736569 3830016 5210392 6524013 11483747
1702443 2062482 2138434 3001736 3408679 4322777 4896330 7297861
1702443 3408679 4322777 4896330 7297861 13602366
17034703
1704163 2112638 5072942 11131646 12806261
17081239
1708131 11010627
1708131 14139320
17095295
1717539 2731841 3574722 5675346 7264176 9054638 9251313 9860284 10243022 10949362 16482993
1726961 5148539 5793042 6246588 9120243 9153864 9900092 9908474 10089800 11275961 11681677
1726961 5148539 5793042 6246588 9120243 9153864 9908474 10089800 11275961 11681677 14713910
1726961 5534716
17341299
1737721 1835703 3466516 3853885 7227052 7313565 11127217 11448063 11997668 13044329 14037872
17378302
174470 202626 411671 1376774 6323565
174470 202626 411671 4396526 8049937
174470 202626 411671 6323565 8049937
17473595
1763015 8976564 16791854
1769737 7927952
17701651
1786058 4349368 5279577 5532307 8035386 9483859 9625900
1788120 3687900 3935253 3937175 4189865 4470450 5281876 6515292
1791048 1946477 2083440 2161818 3209219 3430466 5029586 5543366 5648704 6728252
1791048 2161818 3209219 3430466 5029586 5543366 5648704 6728252 7283339
1791048 5543366 6728252 7283339 7959193
1791048 6728252 7283339 7959193 9236099 9540801
1793680
17961802
1798151 3173276 3198033 3222609 3255109 3633695 4122773 4153625 4326423 4453813 5903922 7498088 7802386 9898268
1806571
1806682 2413905 7808155 11682000 12962980 14952500
1812048 2578255 3078863 3141600 3510414 3530486 3799502 3983832 4050717 4313935 4410500 4441450 4510604 4651105 5282246 7650125
1812048 2578255 3078863 3141600 3530486 4050717 4410500 4441450 4651105 6968778 7650125
18141682 18680351
18182009
18206308
18220060
1828879
1829124 3067874 3552641 3852925 7899930
1844597 2418012 3075187 3078994 3118438 3411823 3561694 4679389 4684797 4691218 7091259
1844597 2498678 3078994 3389059 3561694 4231953 7976953
1844597 2498678 3078994 3389059 4219132 4231953 7976953
1844597 3078994 3411823 3561694 7976953
1846665
18607309
1870737 1946477 2083440 2161818 3209219 3430466 5029586 5648704
1871212
18725926
1902213 3009418 4100682 4582248 4706650 4982793 5304032 6714065 7045646 7221170 7370521 10839159
1909990
19156645
1917532
19224058
1922893 5435582 5578648 5949785 6382328 7305835 8401194 8421453 8548687 9097541
1922893 5949785 6382328 7305835 8401194 8421453 8507711 8548687 9097541
1924283
1938836 2145158 2468522 4045056 4165141 4364144 4377072 4545923 4711155 9107822 15373698
1938836 2468522 3046705 4364144 4377072 9107822 9265665 11837939 15373698
1938836 2468522 4045056 4165141 4364144 4377072 4711155 9107822 9265665 11837939 15373698
1939124 9519774
1944612 2203728
1947958
1948188 2981303 4310094 4562798 4584456 10414855
1954963 15175548
1965221 16025902
1970493 4750722 9153621
1970493 5012699 9153621
1971425
1975797 2561439 3462662 5549538 7024403 7471067 7834062 9121485 9479381 11147325 11670727
1975797 2561439 6992956 7471067 7834062 9479381
1984735
1984773 7910476
1985294
1989805 4064067 4789316 4795806 4992319 5060459 5214648 5791701 6476897 10004682
1989805 4064067 4789316 4795806 4992319 5214648 5791701 6064295 6476897 10004682
199874 1360738 4141681 4750722 13448210
2033431
2054945
2073396 2448892 2726094 3102670 3135298 4320142 4581947 4870517 5015473 6805909 7423383 8911800 9257355 9697050 10336483 11783345 11918551
2073396 2448892 2726094 3102670 4320142 4870517 5015473 6805909 7423383 8911800 9257355 9697050 11783345 11918551 13571087
2073396 2448892 2726094 3102670 4320142 4870517 5015473 7780005 10572873 13571087
2073396 3135298 4320142 4581947 5015473 5187057 6805909 7423383 8911800 9257355 10336483 11783345 14450304
2073396 3135298 4320142 4581947 5015473 6805909 7423383 8911800 9257355 9697050 10336483 11783345 11918551 14450304
2077326 2462634 2654963 3419437 3422092 3426919 3623520 3837965 4128000 4389627 4442781 4795675 5205033 5331971 6676305 6732489 7067589 7068873 7091201 8395987 9158277
2077326 2462634 2654963 3419437 3422092 3426919 3623520 4128000 4389627 4442781 4795675 5205033 6676305 6732489 6992956 7067589 7068873 7091201 8395987 9158277
2078534
2090706 2185132 2611105 3376155 4039531 4247150 4817048 5014461 5375205 6235427 6265955 6501310 6859078 7211683 7254543 7813615
2091544
209532
2103887 2313227 2345203 3540545 4220243 4298608 4474519 4689122 4784802 4906063 5287690 8010977
2105162 7442851 8561941
2105162 9074932
2112638 3547020
2114212 2596255 5557627 7679030 8026814 10947898
2114212 2596255 8026814 11593696
2116710
2123791 7959193 9236099 9540801 13197996
2124149
2133533 12416673
2133784
213424 3096278
2145158 2468522 3194987 4045056 4165141 4377072 4545923 4711155 9107822 15373698
2145158 2468522 3194987 4045056 4377072 4545923 4711155 7504831 9107822 15373698
2148767
2159651
2161130
2163710
2179799
2180283
2191151 4697921 6838153 13021206 13716124
2191151 4697921 7380356 7935073 8807928 9278184 9443831 9485937 13021206 13716124
2191151 5547261 7380356 7935073 8062494 8807928 9278184 9443831 9485937 13021206 13716124
2191721
2196884
2197050 3615271 3625594 5426843 5547261 6601067 7017491 7380356 7935073 8062494 8576578 8807928 9278184 9443831 9485937
2203728 12178643
2211699 3017253 3495054 3904938 4480467 4691491 4763227 6304832 7853528 7922683 9196703 9908520 10428121
2211699 3017253 3495054 3904938 4480467 4691491 4763227 7354016 7853528 7922683 9196703 9908520
221861
2231219
2238430
2252169 3556538 3946109 5031705 12643762 13478536
2252169 3946109 12643762 13478536 14015453
2257047
227556 257286 11763367
227556 257286 2980420
227556 810167 11763367
2291658 8266938
2315066
2317272 4905293 17665002
2321934 3182682 5094684
2334088
235509 5192366 5566904 5966888 6176683 6798871 9673083 9951096 10017434 10197581
235509 5966888 6176683 6798871 7512087 9673083 9951096 10017434 10197581 11565889
235509 6176683 6798871 7512087 9673083 9951096 10017434 10197581 11565889 12614622
235509 7512087 9673083 9951096 10017434 10197581 11565889 12614622 12645557
235509 842888 1127974 1535901 1597188 1610649 3229021 4330953 5192366 5566904 5966888 6176683 6798871 10511254 12946620 15239565
235509 842888 1127974 1535901 1597188 1610649 3229021 4330953 5192366 5566904 5966888 6176683 6798871 9673083 10511254 15239565
235509 842888 1535901 1597188 3229021 3415516 4330953 5192366 5566904 5966888 6176683 6798871 10511254 12946620 15239565
235509 842888 1597188 1610649 3229021 4330953 5192366 5566904 5966888 6176683 6798871 9673083 10197581 10511254 15239565
235509 842888 1597188 3229021 3415516 3583352 5192366 5566904 5966888 6176683 6798871 10197581 10511254 15239565
235509 842888 1597188 3229021 3415516 3583352 5192366 5566904 5966888 6176683 6798871 10511254 12946620 15239565
235509 842888 1597188 3229021 3415516 4330953 5192366 5566904 5966888 6176683 6798871 10197581 10511254 15239565
235509 842888 1597188 3229021 3583352 5192366 5566904 5966888 6176683 6798871 9673083 10197581 10511254 15239565
2355833 6969192 8219345 9690397 10761051 10826280 12760627
2369215 10074037 11237311 12568782 13552618 16790112
2369215 10074037 11899920 16790112 16839090
2369969
237569 1208232 1310698 1341535 3876556 4657252 5133674 6186520 6196466 6529565 6600142 6664035 6680594 6924891 7062841 7344019 7857190 7880480 8157923 8590509 8832578
237569 1208232 1310698 1341535 3876556 4657252 6186520 6196466 6529565 6600142 6664035 6680594 6924891 7062841 7344019 7857190 7880480 8157923 8590509 8832578 9124806
237569 1208232 1310698 1341535 3876556 4657252 6186520 6529565 6600142 6664035 6680594 6924891 7062841 7344019 7857190 7880480 8157923 8590509 8832578 9124806 9932484
237569 1208232 1310698 3537671 3876556 4657252 5133674 6186520 6196466 6529565 6600142 6664035 6680594 6924891 7062841 7344019 7880480 8157923 8832578
237569 1310698 1341535 3876556 4657252 6186520 6529565 6600142 6664035 6680594 6924891 7062841 7344019 7857190 7880480 8157923 8590509 8832578 9124806 9932484 10372320
237569 1310698 1341535 3876556 6186520 6529565 6600142 6664035 6680594 6924891 7062841 7344019 7857190 7880480 8157923 8590509 8832578 9124806 9932484 10372320 10493787
237569 1310698 1341535 6186520 6529565 6600142 6664035 6680594 6924891 7062841 7344019 7857190 7880480 8157923 8590509 8687593 8832578 9124806 9932484 10372320 10493787
237569 407426 1208232 1310698 3537671 3876556 4226561 4657252 5133674 5215474 5512224 5762281 6186520 6196466 6529565 7044998
237569 407426 1208232 1310698 3537671 3876556 4226561 4657252 5133674 5215474 5512224 5762281 6186520 6196466 6529565 8157923 8832578
237569 407426 1208232 1310698 3537671 3876556 4226561 4657252 5133674 5215474 5512224 6186520 6196466 6529565 7880480 8157923 8832578
237569 407426 1208232 1310698 3537671 3876556 4657252 5133674 5215474 5512224 6186520 6196466 6529565 6664035 7880480 8157923 8832578
237569 407426 1208232 1310698 3537671 3876556 4657252 5133674 6186520 6196466 6529565 6600142 6664035 6680594 6924891 7062841 7880480 8157923 8832578
238829
2388559
2388689 3510031 10032072 11123939 11158675 18079176
2388689 3510031 11319243
2392649 6182021 13751869 15738020
2402559
240623 1060064 1150448 4459129 5647603 5729725 6286390 7407102 7989793 9192039 10194850 15687434
240623 1060064 1150448 5647603 5729725 6286390 7407102 7989793 9192039 10194850 10691876 15687434
240623 736322 1060064 1139030 1150448 5647603 6286390 7989793 9192039 10194850 10691876 15687434
240623 736322 1060064 1150448 5647603 6286390 7407102 7989793 9192039 10194850 10691876 15687434
240623 736322 1139030 1370636 2097774 5647603 6286390 7989793 9192039 10691876 15687434 17055378
2413905 7808155 8751024 11682000 12962980 14294188 14952500
2429077
243152 1211611 1361884 2063896 2871469 3367074 3373363 3382432 3723401 4205581 4218328 5102175 5548463 5927493 6279963
243152 972780 1047872 1098149 1590013 1863914 1960035 2661364 7260793 7603510
243152 972780 1047872 1098149 1590013 1863914 2661364 4512964 5096593 7603510
243152 972780 1047872 1098149 1590013 1960035 2063896 2661364 3382432 7260793 7603510
243152 972780 1047872 1098149 1590013 1960035 2063896 2871469 3382432 7260793 7603510
243152 972780 1098149 1361884 2063896 2871469 3382432
243152 972780 1098149 1590013 1960035 2063896 2661364 2732767 3382432 7260793 7603510
243152 972780 1098149 1590013 1960035 2063896 2732767 2871469 3382432 7260793 7603510
2441281
2446307
2448892 2726094 3102670 4870517 5015473 6959469 7780005 8132378 10572873 13571087
2448892 2726094 3102670 4870517 6959469 7780005 8132378 8799311 10115235 10572873
2448892 2726094 3102670 4870517 6959469 7780005 8132378 8799311 10572873 13571087
245581 1655428 1862660 1902213 2299447 2722756 2859850 3009418 4582248 7813729
245581 1655428 1862660 1902213 2722756 3009418 4582248 7045646 10839159
245581 269898 1655428 1862660 1902213 2299447 2722756 2859850 3009418 7813729
245581 269898 692180 741095 1060903 1862660 2083440 2299447 2859850 3804021 5091252 5704893 7044110 7260557 7813729
245581 269898 692180 741095 1060903 1862660 2299447 2859850 3804021 5091252 5704893 7044110 7260557 7813729 8208090
245581 269898 741095 1655428 1862660 2299447 2722756 2859850 5704893 7813729 8208090
245581 269898 741095 1862660 2299447 2722756 2859850 5091252 5704893 7813729 8208090
245943 1047573 2811745 5175062 5515756 8095397 16906206
245943 1047573 2811745 5515756 5521070 16906206
2462634 3419437 3422092 3426919 3623520 3837965 4128000 4389627 4442781 4795675 5205033 5331971 6676305 6732489 7067589 7068873 7091201 8395987 9158277 11211553
2462634 3419437 3422092 3426919 3623520 4128000 4389627 4442781 4795675 5205033 6676305 6732489 6992956 7067589 7068873 7091201 8395987 9158277 11211553
2468522 3046705 4366567 4377072 5340686 6645332 15373698
2468522 3046705 4366567 4377072 5340686 9107822 15373698
2473565 13448210
2498678 3078994 3389059 4219132 4231953 4481185 7976953
2498678 3078994 4219132 4231953 4650528 5141348 7976953
2527654
2539558
2539845
2561439 3462662 3543171 5549538 7024403 7471067 7834062 9121485 9479381 11147325 11670727
2577999
2578255 3078863 3141600 3459901 3510414 3799502 3983832 4050717 4313935 4410500 4441450 4510604 4651105 5282246 7650125
2578255 3078863 3141600 3459901 3510414 3799502 3983832 4050717 4313935 4441450 4510604 4651105 5282246 7852470
2578255 3078863 3141600 3459901 3510414 3799502 3983832 4313935 4410500 4441450 4510604 4651105 4972056 5282246 7650125
2578255 3078863 3141600 3459901 3793355 3799502 3983832 4441450 4510604 4651105 4972056 7650125
2578255 3078863 3141600 3510414 3530486 3799502 3983832 4050717 4313935 4441450 4510604 4651105 5282246 7852470
2580392 7248952 7896196
2586287
2589555 4343493 4463784 4668886 6178674 6543765 6676131 8895552
2589555 4343493 4668886 6178674 6676131 8895552 10294508
2589555 4463784 4668886 6178674 6543765 8895552 9526137
2591707 5359836 5475061 6242917 7302338 7967750 8759635 8830896 8906759 9276533 10395573 10690327
2591707 5359836 6242917 7302338 7967750 8759635 8830896 8906759 9276533 10395573 10690327 11919591
2591707 6242917 7302338 7967750 8759635 8830896 8906759 9276533 10395573 10690327 11919591 14055655
2591707 6949818 7302338 7967750 8759635 8830896 8906759 9276533 9510054 10395573 10690327 11919591 14055655
2591707 7302338 7967750 8759635 8830896 8906759 9276533 9510054 10395573 10690327 10798280 11919591 14055655
2591707 8579722 8759635 8830896 8906759 9276533 10395573 10690327 10798280 11919591 14055655
2596255 7027956 8026814 11593696
2603653 2693621 3636464 4959529 4974281 5876015 9559782 11164132 12679754
261953 426382 798840 1078952 1693315 2626971 3548560 3723250 4534675 5003022 9294125 12687525
261953 426382 798840 1078952 1693315 2626971 3548560 3723250 5003022 9294125 11262699 12687525
2640 36884 155057 223928 1608504 1960035 2732767 2789027 2793322 3563133 4236209 4582368 5781078 7260793 7609361 7757852 8693942 9679203 9682863
2640 36884 155057 223928 972780 1608504 1960035 2732767 2789027 2793322 3563133 4236209 4582368 5781078 7260793 7609361 7757852
2648251 2842887 3265409 3809560 3983197 4050958 4136499 4241374 4443519 4813560 5135752 5792975 5864014 5880393 5994501 8080734 8219345 8764512 8872751
2648251 2842887 3265409 3809560 3983197 4050958 4241374 4443519 4813560 5792975 5864014 5880393 5994501 8080734 8764512 8872751 9901895
2648251 3265409 3809560 4050958 4241374 4443519 4813560 5792975 5864014 5880393 5994501 8080734 8764512 8872751 9619974 9901895
265186 1591061 2070109 3612815 4963512 6368547 8621206 8632914 9319163 9571307 12077076
265186 1591061 2070109 3612815 6368547 8621206 8632914 9319163 9571307 12044297 12077076
265186 1591061 3612815 8621206 8632914 9319163 9571307 12044297 12077076 12320803
265186 3612815 8621206 8632914 9319163 9571307 12044297 12077076 12320803 13981022
265186 3612815 8632914 9319163 9571307 12044297 12077076 12320803 13477472 13981022
265186 450002 1591061 2070109 2259855 3612815 4963512 5074431 6368547 8621206 9319163 9571307
265186 450002 1591061 2070109 3612815 4963512 6368547 8621206 8632914 9319163 9571307
265691 1268858 1615576 1902233 2660027 4443557 5335400 8822765
265691 3230526 5335400 8822765
265691 718529 3230526
2660521
267249 18028562
2684228 3450708 4941420 5707216 5762281 7044998
2684228 3537671 3880753 4941420 5215474 5512224 5762281 7044998
2684228 3880753 4941420 5512224 5707216 5762281 7044998
2693621 3636464 4959529 5557627 5876015 11164132 12679754
2693621 4959529 5557627 5876015 10947898 12679754
2693621 5557627 5876015 7679030 10947898 12679754
269487 350899 567374 697234 823311 1029111 2045212 2493948 2562635 3183122 3736569 3830016 3851136 4130738 4999539 5210392 5389172
269487 350899 567374 697234 823311 1029111 2045212 2493948 2562635 3183122 3736569 3830016 3851136 4130738 4999539 5389172 8481130 10359429 14087749 14161826 16166451 16706695
269487 350899 567374 697234 823311 1029111 2045212 2493948 2562635 3183122 3830016 3851136 3889666 4130738 4999539 5389172 8481130 10359429 14087749 14161826 16166451 16706695
269487 350899 567374 697234 823311 1029111 2493948 2562635 3183122 3830016 3851136 3889666 4130738 4999539 5389172 8481130 10359429 14087749 14161826 15962011
269487 350899 823311 2045212 2493948 3183122 3851136 4130738 4999539 5389172 8481130 14087749 14161826 14548788 16166451 16706695
269487 697234 1025855 1163066 3851136 3889666 4130738 4999539 5389172 8481130 10359429 14087749 14161826 15962011
269487 697234 1025855 1163066 3851136 3889666 4130738 4999539 5389172 8481130 10359429 14087749 14161826 16166451 16706695
269898 692180 741095 1060903 1184220 1203783 1578077 1870737 2165009 2299447 2565334 2859850 3804021 4722508 5091252 5704893 7044110 7260557 7813729 8208090 9747944
269898 692180 741095 1060903 1184220 1203783 1578077 1870737 2165009 2299447 2565334 2859850 3804021 4935395 5091252 5704893 7044110 7260557 9747944
269898 692180 741095 1060903 1862660 1946477 2083440 2161818 2299447 2859850 3209219 3430466 3804021 7044110 7260557
269898 692180 741095 1060903 1862660 1946477 2083440 2161818 2299447 2859850 3209219 3430466 5029586
269898 692180 741095 1060903 1862660 1946477 2083440 2161818 2299447 2859850 3209219 3804021 5704893 7044110 7260557
269898 692180 741095 1060903 1862660 1946477 2083440 2299447 2859850 3209219 3804021 5091252 5704893 7044110 7260557
269898 692180 741095 1060903 1862660 1946477 2083440 2299447 2859850 3804021 5091252 5704893 7044110 7260557 7813729
269898 692180 741095 1060903 1870737 1946477 2083440 2161818 2299447 2859850 3209219 3430466 3804021 4935395 7044110 7260557 9747944
269898 692180 741095 1060903 1870737 1946477 2083440 2161818 2299447 2859850 3209219 3430466 4935395 5029586
269898 692180 741095 1060903 1870737 1946477 2083440 2161818 2299447 2859850 3209219 3804021 4935395 5704893 7044110 7260557 9747944
269898 692180 741095 1060903 1870737 1946477 2083440 2299447 2859850 3209219 3804021 4935395 5091252 5704893 7044110 7260557 9747944
269898 692180 741095 1060903 1870737 1946477 2083440 2299447 2859850 3804021 5091252 5704893 7044110 7260557 7813729 9747944
2708577
2722990 5841111 5881256 8622242 10169705 11458456
2724171 6878901 10094976 13840747
2724171 7824812
2731841 5609318 12450186 18452963
2731841 5609318 5675346 7264176 7822258 9054638 9251313 9860284 10243022 10949362 16482993
2731841 5609318 7822258 12450186 16482993
2742724 4023497 5689705 6052222 6500729
2752871 4763227 4966008 6304832 7922683 9196703 9402907 9815596 9908520 10428121 13713492 13803609 15586521 16254085
2752871 4966008 6017372 6304832 7922683 9402907 9815596 9908520 10428121 13160677 13713492 13803609 15586521 16254085
2752871 4966008 6304832 7922683 9196703 9402907 9815596 9908520 10428121 13160677 13713492 13803609 15586521 16254085
27615 1221495 1271790 1788120 1858154 1990124 2705514 2972628 3446272 3701543 3937175 4324287 5281876 6188240 6690306 13572964
27615 655178 1221495 1271790 1788120 1858154 1990124 2193504 2651831 2705514 2972628 3446272 3701543 4324287 5281876 6188240 6690306 13572964
27615 655178 1221495 1271790 1858154 1990124 2193504 2651831 2705514 2773040 2972628 3446272 3701543 4324287 5281876 6188240 6690306 13572964
27615 655178 1271790 2193504 2651831 2705514 2773040 3701543 4324287 5281876 6188240 6690306 11206290 11355226 13572964 13874120
27615 655178 753288 1221495 1271790 1352628 1854752 1858154 1990124 2193504 2651831 2705514 2773040 2972628 3446272 3567677 4324287 4820191 5431029 6188240 6690306 6825428 13572964
27615 655178 753288 1221495 1271790 1352628 1858154 1990124 2193504 2651831 2705514 2773040 2972628 3446272 3701543 4324287 6188240 6690306 13572964
27615 655178 753288 1271790 1352628 1854752 2193504 2651831 2705514 2773040 2972628 3446272 3567677 4324287 4820191 5050700 5431029 6825428 13572964
27615 655178 753288 1271790 1352628 1854752 2193504 2651831 2705514 2773040 3567677 4324287 4820191 5431029 6188240 6690306 6825428 11355226 13572964
27615 655178 753288 1271790 1352628 1854752 2193504 2651831 2705514 2773040 4324287 4820191 5431029 6188240 6690306 11206290 11355226 13572964 13874120
27615 655178 753288 1271790 1352628 2193504 2651831 2705514 2773040 3701543 4324287 6188240 6690306 11206290 11355226 13572964 13874120
27615 655178 753288 1352628 1854752 2193504 2651831 2705514 2773040 3567677 4324287 4820191 5050700 5431029 6470571 6825428 13572964
2772611 5972430 9978620 11649700
2796752
2798670 3219714 7922420 8354053 14132391 18353245
2811745 4221956 5054952 5248785 5943126 6192728 9539435
2813276 3408679 13602366
281438 2252169 3556538 3946109 5031705 12643762
281438 2252169 3946109 12643762 14015453
281438 3946109 6448421 12643762 14015453
2822638 3691446 5237963 6005822 6223077
2822638 3691446 6223077 8269903 10215595
2822638 6223077 8269903 10215595 12116000
2828308
2830731
2842887 3770910 4136499 4443519 5061367 5135752 5744539 5756251 5792975 5864014 5880393 5888174 5994501 6969192 7038522 8080734 8219345 9690397 10826280
2842887 4050958 4136499 4443519 4813560 5061367 5135752 5744539 5756251 5792975 5864014 5880393 5888174 5994501 6969192 7038522 8080734 8219345 8764512 9690397 10761051
2842887 4136499 4443519 5061367 5135752 5744539 5756251 5792975 5864014 5880393 5888174 5994501 6969192 7038522 8080734 8219345 9690397 10761051 10826280
2849515 4221956 5054952 5248785 5943126 6192728 7635180 8414649 9539435 9909787 10375434 10757731 13132562
2849515 5054952 7635180 8414649 9539435 9909787 10375434 10757731 13132562 15561123
2849515 7635180 8414649 9539435 9909787 10375434 10757731 13132562 15561123 17316349
2856661
286346
2876441
2879664
2890596
2892478 9771908 10074037 11237311 12568782 13552618 16790112
2892478 9771908 10301296 11237311 12568782 13552618 14380813
2892478 9771908 10301296 11237311 12568782 13552618 16790112
2912912 12116000
2927245 15881475
2940768 4820860 6508171 10296237
2940768 6508171 8693416 9302214 10296237 10559580
2940768 8693416 10169051 10296237
2940768 8693416 9302214 10296237 10559580 12601811
2955734
2965023 3520569 5590429 5682362 6864800 7222012 8421921 8662399 11010627
3005785 6209938 11475260
3046705 3510380 4366567 5340686 6645332 7307016 7824850 10166011 10910324 16536697
3046705 4366567 4377072 5340686 6645332 7824850
3065827
307141
3078863 3141600 3510414 3530486 3799502 3983832 4050717 4313935 4510604 5282246 7852470 12275639
3101800 11348939
3101800 3212880 4265729 5720390 18581927
311580 1093637 1157491 1315506 1468788 1781633 3759943 4768229 4941327 4983158 8576498
311580 1093637 1157491 1315506 1468788 1781633 3759943 4768229 4941327 4983158 9383148
311580 1157491 1315506 1468788 2037842 2072950 2195019 3191072 3515479 3759943 3870330 4768229 4983158
311580 1157491 1315506 1468788 2072950 2195019 3191072 3515479 3759943 4768229 4941327 4983158 9383148
311580 1157491 1315506 1468788 3515479 3759943 4768229 4941327 4983158 8576498
311580 1157491 1315506 2037842 2072950 2195019 3191072 3515479 3759943 3870330 4768229 4983158 6130242
311580 1157491 1315506 2072950 2195019 3191072 3515479 3759943 4768229 4941327 4983158 6130242 9383148
311580 1315506 2037842 2072950 2195019 3191072 3515479 3759943 3870330 4768229 4983158 5808841 6130242 9573788 14348319
311580 1315506 2072950 2195019 3191072 3515479 3759943 4768229 4941327 4983158 5808841 6130242 9383148 9573788 14348319
311580 348425 1176094 1315506 2037842 2072950 2195019 3191072 3515479 3759943 3870330 4768229 5808841 6130242 9573788 14348319
3124398
3134633
3137560
3140325 8328528
3173276 3198033 3222609 3255109 3633695 4122773 4153625 4326423 4453813 6601439 6701452 7000583 7498088 7802386 9898268
3173276 3222609 3255109 3633695 4122773 4153625 4326423 4453813 6601439 6701452 7000583 7054836 7498088 7802386 7835645
3173276 3222609 3255109 3633695 4122773 4153625 4326423 4453813 6601439 6701452 7000583 7054836 7498088 7802386 9898268
3173276 3222609 3633695 4122773 4153625 4326423 4453813 6601439 6701452 7000583 7054836 7835645 10730590
3182682 4274817 5869417 9287862
3182682 5094684 9287862
3182682 5869417 6398985 9287862
3189286 14187708
3194987 3656442 7077684 7504831 8380758
3196588 11211553 11682485 14095286
321811 626764 861755 1260116 1807111 2289919 3583717 3796654 4002869 4037561 4118127 4239528 4395016 4935358 6500528 8250857
321811 626764 861755 1260116 1807111 2289919 3583717 3796654 4002869 4037561 4118127 4239528 4935358 5106779 6500528 8250857
3219714 8354053 8830969 18353245
3225779
32292 113354 138466 157832 567294 665031 856743 1094769 1641063 1788792 2215170 3509869 3871025 4208332 4459129 4917422 5012966 10244506 11734367 15949764
32292 113354 138466 157832 567294 665031 856743 1641063 1788792 2215170 2491633 3509869 3871025 4208332 4917422 5012966 10244506 15949764
32292 138466 157832 567294 631463 1145861 2215170 2304361 2313227 2345203 2491633 3540545 3758772 4220243 4298608 4474519 4906063 5287690
32292 138466 157832 567294 631463 665031 1145861 2215170 2304361 2313227 2345203 2491633 3540545 3758772 4298608 4474519 4906063 5287690
32292 138466 157832 567294 631463 665031 856743 1145861 1788792 2215170 2304361 2345203 2491633 3758772
32292 138466 157832 567294 631463 665031 856743 1145861 1788792 2215170 2304361 2491633 3758772 3871025 5012966
32292 138466 157832 567294 631463 665031 856743 1145861 2215170 2304361 2313227 2345203 2491633 3540545 3758772 4298608 4474519 4906063
32292 138466 157832 567294 631463 665031 856743 1788792 2215170 2491633 3509869 3871025 4917422 5012966 15949764
32292 157832 631463 1145861 2215170 2304361 2313227 2345203 2491633 3540545 3758772 4220243 4298608 4474519 4689122 4906063 5287690
32292 631463 1145861 2215170 2304361 2313227 2345203 2491633 3540545 3758772 4220243 4298608 4474519 4689122 4784802 4906063 5287690
3229308 11343410
3247356
3255393
3262439
3279682 5072942 8049038 12806261
3310536 4117913 4292413 5494680 6574447 6912961 13310303
331862 413711 1047573 1116966 1296063 1404253 1461175 1540289 1551298 2811745 2856237 5515756 5521070
331862 413711 1047573 1116966 1404253 1540289 1551298 2811745 2856237 5515756 5521070 16906206
333437 547900 668092 879658 2595988 2733527 3803675 7902006
3335884
3367074 3373363 3723401 4205581 5102175 5548463 5927493 6279963 6567303 6962752 8113109 9454635 9691917 9710046 10198871
3367074 5102175 5548463 5927493 6279963 6567303 6962752 8113109 9454635 9691917 9710046 10198871 11177835
3367152
3369671 4193861 11116302 17035437
336974 485957 1457882 2208209 2289473 3020460 7194014 7288067 8387346
3383452 5873527 6664405 8325079 8516951 10953217 12774767
3383452 8516951 10953217 12606529 16487107
3387128
3388918
3410609
3415516 3583352 4013763 5873527 6664405 6980296 8325079 12774767
3415516 3583352 4013763 5873527 6980296 12774767 12946620
3419437 3426919 3623520 3837965 4128000 4389627 4442781 4795675 5205033 5331971 6676305 6732489 7067589 7068873 7091201 8395987 9158277 11211553 11682485
3419437 3426919 3623520 4128000 4389627 4442781 4795675 5205033 6676305 6732489 6992956 7067589 7068873 7091201 8395987 9158277 11211553 11682485
3419437 3623520 3837965 4128000 4389627 4442781 4795675 5205033 5331971 6676305 6732489 7067589 7068873 7091201 8395987 9158277 11211553 11682485 14095286
3421695
3427721
343958 1829124 3067874 3552641 3852925
343958 361241 2198132 2390248 2576962 3067874 3552641 3852925 4123361
343958 361241 557602 2198132 2390248 2576962 3067874 3138014 4123361 7458458
344764 4310094 6888279 10414855
3454116 6172075 7339623
3460785
34615 1094769 1348737 1379389 1405275 1717539 2014418 3042988 3509869 3574722 4917422 5675346 7264176 9054638 9251313 9860284 10244506 10949362 11734367
34615 113354 1094769 1348737 1379389 1405275 1717539 2014418 3042988 3509869 3574722 4917422 7264176 9054638 9251313 9860284 10244506 11734367
34615 113354 453808 1094769 1348737 1379389 1405275 1717539 2014418 3042988 3509869 3574722 4917422 7264176 10244506 11734367
34615 1348737 1379389 1405275 1717539 2014418 3509869 3574722 4917422 5675346 7264176 9054638 9251313 9860284 10243022 10244506 10949362 11734367
34615 52227 113354 453808 1094769 1348737 1379389 1405275 1641063 1717539 2014418 3042988 3509869 3574722 4917422 5729725 7407102 10244506 11734367
34615 52227 60256 113354 452721 453808 553032 988973 1094769 1348737 1379389 1405275 1641063 1717539 2014418 3042988 3574722 5729725 7407102 10244506 11734367
34615 52227 60256 92820 113354 452721 453808 553032 988973 1094769 1348737 1379389 1405275 1641063 1717539 2014418 3042988 3574722 7407102 10244506 11734367
34615 52227 60256 92820 452721 453808 553032 653575 687085 808290 988973 1261711 1348737 1379389 1405275 1717539 2014418 3042988 3574722
34615 52227 60256 92820 452721 453808 553032 687085 808290 988973 1261711 1348737 1379389 1405275 1717539 2014418 3042988 3574722 11734367
34615 52227 60256 92820 452721 453808 553032 687085 988973 1094769 1261711 1348737 1379389 1405275 1717539 2014418 3042988 3574722 10244506 11734367
34615 52227 60256 92820 452721 453808 553032 687085 988973 1094769 1348737 1379389 1405275 1717539 2014418 3042988 3574722 7407102 10244506 11734367
34615 60256 1348737 1379389 1405275 1717539 2014418 3574722 5675346 7264176 9054638 9251313 9860284 10243022 10244506 10949362 11734367
34615 60256 92820 113354 452721 453808 553032 988973 1094769 1348737 1379389 1405275 1717539 2014418 3042988 3574722 7264176 10244506 11734367
34615 60256 92820 113354 452721 988973 1094769 1348737 1379389 1405275 1717539 2014418 3042988 3574722 7264176 9054638 9251313 10244506 11734367
34615 60256 92820 113354 988973 1094769 1348737 1379389 1405275 1717539 2014418 3042988 3574722 7264176 9054638 9251313 9860284 10244506 11734367
34615 60256 92820 452721 453808 553032 653575 687085 808290 988973 1261711 1348737 1379389 1405275 1717539 2014418 3042988 3574722 7264176
34615 60256 92820 452721 453808 553032 687085 808290 988973 1261711 1348737 1379389 1405275 1717539 2014418 3042988 3574722 7264176 11734367
34615 60256 92820 452721 453808 553032 687085 988973 1094769 1261711 1348737 1379389 1405275 1717539 2014418 3042988 3574722 7264176 10244506 11734367
34615 60256 92820 452721 553032 653575 687085 808290 887806 988973 1035009 1261711 1380759 1645062 2775979
34615 60256 92820 452721 988973 1094769 1261711 1348737 1379389 1405275 1717539 2014418 3042988 3574722 5675346 7264176 10244506 11734367
34615 60256 92820 452721 988973 1094769 1348737 1379389 1405275 1717539 2014418 3042988 3574722 5675346 7264176 9054638 9251313 10244506 11734367
34615 60256 92820 988973 1094769 1348737 1379389 1405275 1717539 2014418 3042988 3574722 5675346 7264176 9054638 9251313 9860284 10244506 10949362 11734367
3462662 3543171 5549538 7024403 11147325 11670727 17035437
346563 4789064
3474510 5140274 5673136 6138757 6714971 7828669
3474510 5140274 5673136 6714971 7828669 10681439 14377743
348425 1176094 2037842 2072950 2195019 2433003 3191072 3870330 5808841 6130242
348425 1176094 2037842 2195019 2433003 2758071 3870330 5808841
348425 1176094 2037842 2433003 2758071 3851767 3870330
348425 482958 1176094 2433003 2758071 3851767
3485268 4023497 4283523 4786463 6052222 6601350 6722083 8131185 8683266
3485268 4023497 5689705 6052222 6500729 6601350 6722083 8131185
3485268 4023497 6052222 6500729 6601350 6722083 8131185 8683266
3487194
350899 567374 697234 823311 1029111 2045212 2493948 2562635 3183122 3736569 3830016 3851136 4130738 5210392 11483747
350899 567374 823311 1029111 2045212 2062343 2493948 2562635 3183122 3736569 3830016 5210392 11483747
350899 567374 823311 2045212 2062343 2493948 2562635 3183122 3736569 3830016 5210392 6524013 11483747
3510380 6645332 7307016 7824850 10166011 10910324 12852935
3510414 3799502 3983832 4313935 4510604 5254998 5282246 5944548 6013794 6444389 6752494 7160026 7852470 12275639
3510414 3799502 3983832 4313935 4510604 5254998 5282246 5944548 6444389 6752494 7160026 12275639 13680508
3510414 3983832 4313935 4510604 5254998 5282246 5944548 6013794 6444389 6752494 7160026 7381685 7852470 10554423 12275639
3520569 5385497 5590429 5682362 6864800 7222012 8662399 9099471
3520569 5590429 5682362 6864800 7222012 8421921 8662399 9099471
3543171 11116302 17035437
3543171 5549538 7024403 11147325 14001869 17035437
354732 1008980 3983887 4776999 5510807 5536171 5592946 5850587 5951288 6278934 6287182 6300285 8224404 15090648
354732 3983887 4776999 5850587 5951288 6287182 6300285 7107970 15090648
354732 3983887 4776999 5951288 6287182 6300285 7107970 8051775
3556538 8182153 12643762 13478536
3567677 4820191 5050700 5431029 6470571 6825428 9170097
357145
3584754
3615271 3625594 5426843 5547261 6601067 7017491 7380356 7935073 8062494 8576578 8807928 9278184 9443831 9485937 13021206 13716124
3620108
3623520 3837965 5331971 6213609 6732489 10146207
3623907
3687900 6515292 7201581
3687900 7201581 8173952
3691098
3691446 5237963 5529001 5779727 5806978 6005822 6496615 8508372
372261
3729846
3749102
3767022 8118059
3823587 9190346 18281615
3864502
386738 1684475 7658270 8371949
3900409
39056 1113655 2591707 3834087 4163056 4517325 4562096 5359836 5475061 6242917 7302338 7967750 8830896
39056 1113655 2591707 4517325 4562096 5359836 5475061 6242917 7302338 7967750 8830896 10690327
39056 1113655 3556849 3834087 4163056 4517325 4562096 5359836 5475061 6242917 7302338 7967750
39056 598750 1113655 2330752 2833922 3556849 3834087 4163056 4517325 4562096 5359836 5475061 6242917
3911505 9368237
39213 221185 450002 548305 721770 856554 2259855 2754067 3480581 3635111 3654028 3907681 4963512 5074431
39213 221185 548305 721770 856554 1238475 2754067 3480581 3654028 3907681 5923128 6269750 9949572 10071800 10468858
39213 221185 548305 721770 856554 2754067 3480581 3635111 3654028 3907681 5923128
3931266 6719824 9209406 11054844 15855679
3937344
3949234 5717966
3998321
4013056
4013763 5873527 6664405 6980296 8325079 8516951 10953217 12774767
401658
401988 441927 895836 1263505 3249063 5956301
401988 895836 1263505 3249063 5956301 7399969
401988 948014 1263505 2147981 3249063 7399969
4034422
4049575 4894611 5329187 10274852
4082867 10656762
4084537
4096339
4098177
4100682 4706650 4982793 5304032 5838733 6714065 7045646 7221170 7370521 10839159 15880835
4101005
410697 1975994 2140986 2589555 4668886
410697 797787 1089388 1197758 1779146 2857454 7896196
410697 797787 1197758 1779146 1975994 2140986 2857454
413711 1047573 1296063 1461175 1540289 2811745 4221956 5515756
413711 1047573 1461175 2811745 4221956 5248785 5515756
4141231
4152443
4153625 6601439 6701452 7000583 7054836 7835645 10730590 14333539
416631
4190607
4196052
4199000
4210079
4216614
4238436
426382 1078952 1693315 2742724 4534675 5689705 9294125 12687525
426382 798840 1078952 1277182 2626971 3723250 5003022 9294125 11262699 12687525
4265729 10620919 14377743
4276730
427875 1517056 13558213
427875 8156707 13558213
4310883
4343493 4463784 4927686 6178674 6543765 6676131 8895552
4343493 4927686 6178674 6676131 8895552 10294508
4343493 6676131 10294508 12111379 12568385 14341312
4380084
4396526 8182153
441927 895836 1049655 1261266 1263505 3249063 5956301
443925
4463784 6178674 6543765 8895552 9526137 10529351 11434899
4463784 6178674 6543765 9526137 10529351 11434899 15810771
44857 2580392 2648400 2798320 3491475 3931826 4796760 8887512 14602723
44857 2648400 2798320 3491475 3931826 4796760 5527149 6560267 10846621 11321456 14602723
44857 2648400 2798320 3491475 3931826 4796760 5527149 8887512 14602723
44857 2648400 2798320 3491475 4796760 5527149 6560267 10846621 11321456 12027895 14602723
44882 8099748 8768802
4493215
450002 1591061 2070109 2259855 3612815 3635111 4963512 5074431 6368547 8621206 9319163
450002 721770 1591061 2070109 2259855 3635111 4963512 5074431 6368547
450002 721770 2070109 2259855 3635111 3907681 4963512 5074431 6368547
450002 721770 856554 2259855 3635111 3907681 4963512 5074431 6368547
4527721
4555160
4564848
4568686
4586120
4602923 4850362 5570307 5725610 5764787 6381638 6792355 7947016 8457344
4603759
4611073
4629565
4649065 4692656 5175945 5479243 5860915 6398602 7181427 8387240 14358736
4649065 4692656 5175945 5479243 5860915 6398602 7181427 8387240 9881131
4649065 4692656 5175945 5479243 5860915 7181427 8387240 9881131 9900092
4649065 5175945 5479243 7181427 8387240 9153864 9881131 9900092
4649065 5175945 8387240 9120243 9153864 9881131 9900092
4649065 5793042 8387240 9120243 9153864 9881131 9900092 10089800
4650528 5141348 7673139
465416 630868 647207 683062 1797998 2098395 2150726 2415101 3257732 3460262 5397362 6996959 7164981 8644527 9808562 10395608 16335723 16844552
465416 630868 647207 683062 1797998 2098395 2150726 3257732 3460262 5397362 6996959 7164981 8644527 9808562 10395608 11997668 16335723 16844552
465416 630868 683062 1797998 2098395 2150726 2415101 3010627 3460262 6996959 7164981 8644527 10395608 16335723 16844552
465416 647207 2098395 2150726 3257732 5397362 6996959 7164981 7313565 8644527 9808562 10395608 11127217 11997668 14037872 16335723 16844552
465416 647207 683062 2098395 2150726 3257732 5397362 6996959 7164981 8644527 9808562 10395608 11997668 14037872 16335723 16844552
4669825
4683073
468584 508206 799132 1318753 1495203 1677961 1918197 2072640 2269953 2832326 3285591 7029878 8434933 15884803 16891029 17913446
468584 508206 799132 1318753 1495203 1677961 1918197 2072640 2269953 2832326 3285591 7029878 9761097 15884803 16891029
46934 1063767 1786058 3596840 3828745 4073399 4125846 4349368 4513799 5279577 5416743 5532307
46934 1063767 1786058 3596840 3828745 4073399 4349368 5279577 5416743 5532307 8035386
46934 1063767 1786058 3596840 4073399 4349368 5279577 5365005 5416743 5532307 8035386
46934 1063767 3596840 3828745 4073399 4125846 4513799 5416743 8171922
46934 1693454 1786058 3596840 4073399 4349368 5279577 5365005 5416743 5532307 8035386
46934 811146 1693454 1786058 3596840 4349368 5135070 5279577 5365005 5532307 8035386
470433 677047 1708932 2704296 2945268 3996507 4623361 4941781 5027416 7518956 7839387
470433 677047 1708932 2704296 3996507 4623361 4941781 6913730 7518956 7839387
470433 789084 1708932 2704296 2722990 2945268 4633581 5027416 5612230 5881256 7518956 7839387
470433 789084 1708932 2704296 2722990 2945268 4633581 5027416 5612230 5881256 8622242
470433 789084 1708932 2704296 2945268 3996507 4623361 4633581 4941781 5027416 5612230 5881256 7518956 7839387
4711847
4745034 12812591 15738020
4745034 12812591 17344404
4748807
47534 834356
4776999 7107970 8051775 8852479
4779564 8830969 13892365
4789316 5214648 5791701 6064295 7007202 10004682
4789316 6064295 7007202 8725920 10004682
4789316 6064295 7007202 8725920 8751024 12461436
4793870
480100 9976568
482958 1109046 1729278 2589214 3273926 3312096
482958 1729278 2433003 2589214 2758071 3312096 3851767
484400
4850362 5570307 5725610 5935250 6381638 6792355 7947016 8457344 11032401 12938032
4850362 5725610 5764787 10241856
4935414
4947464
495979
4974281 5329441 10597516
4989458
49965
503718 1922893 2629974 2642031 4049626 4491543 4734440 5435582 5578648 5949785 6382328 8421453 8548687
503718 1922893 2629974 4049626 4491543 4734440 5435582 5578648 5949785 6382328 7305835 8421453 8548687
503718 1922893 4049626 4491543 4734440 5435582 5578648 5949785 6382328 7305835 8401194 8421453 8548687
503718 651732 787200 1038036 1318953 1555233 1587947 1922893 2073803 2359207 2629974 2642031 2970442 4049626 4491543 4734440 5435582 5578648 5949785 6382328
503718 651732 787200 1038036 1318953 1555233 1587947 2073803 2359207 2629974 2642031 2970442 4049626 4491543 4734440 4894611
503798
5047897 5642955
5064879
5068691
5084689
5087249
5140274 5673136 6714971 7828669 10620919 10681439 14114820 14377743
5143907
5144571
5148539 5793042 9120243 9153864 9881131 9900092 10089800 11681677
5154026
516663 2603653 3636464 4959529 4974281 9559782 10597516 11164132
516663 2603653 4974281 9559782 10548841 10597516
516663 4004290 6254826 10548841 10597516
518465 788682 798413 908786 1069784 1186959 1344293 1686378 1738551 1775968 1995249 2246710 2418341 2668837 2745107 2924889 3622404 3638638 4587349 5169579 11770299 12892231
518465 788682 798413 908786 1069784 1186959 1344293 1686378 1738551 1995249 2246710 2418341 2668837 2745107 2924889 3321628 3638638 4587349 5169579 7425201 11770299 12892231
518465 788682 798413 908786 1069784 1186959 1344293 1686378 1775968 1995249 2246710 2418341 2668837 2745107 2924889 3019792 3622404 3638638 3843792 4587349 5169579 11770299
518465 788682 798413 908786 1069784 1186959 1344293 1686378 1775968 1995249 2246710 2418341 2924889 3019792 3622404 3638638 3843792 4587349 5169579 14268083
518465 788682 798413 908786 1069784 1186959 1344293 1686378 1995249 2246710 2418341 2668837 2745107 2924889 3019792 3321628 3638638 3843792 4587349 5169579 7425201 11770299
518465 788682 798413 908786 1069784 1186959 1686378 1995249 2246710 2668837 2745107 2924889 3019792 3321628 3638638 3843792 4587349 5169579 6254826 7425201 11770299
518465 788682 798413 908786 1069784 1186959 1686378 1995249 2246710 2668837 2745107 2924889 3321628 3638638 4587349 5169579 6254826 7425201 11770299 12892231
518465 788682 798413 908786 1069784 1186959 1686378 1995249 2668837 2745107 2924889 3321628 3638638 4004290 5169579 6254826 7425201 11770299
518465 788682 908786 1186959 1344293 1775968 1995249 2246710 2418341 2924889 3019792 3622404 3638638 3843792 4587349 8824938 11770299
5188003
5211700
52227 1060064 1150448 4208332 4459129 5647603 5729725 6286390 7407102 7989793 10194850 15687434
52227 113354 138466 453808 567294 665031 856743 1094769 1348737 1641063 1788792 3042988 3509869 3871025 4208332 4459129 4917422 5012966 5729725 10244506 11734367 15949764
52227 113354 138466 453808 567294 856743 1094769 1150448 1348737 1641063 3042988 4208332 4459129 5729725 10244506 11734367 15949764
52227 113354 453808 1094769 1348737 1379389 1405275 1641063 1717539 1788792 2014418 3042988 3509869 3574722 3871025 4917422 5012966 5729725 10244506 11734367 15949764
52227 113354 453808 1094769 1348737 1379389 1405275 1641063 1717539 1788792 2014418 3042988 3509869 3574722 3871025 4917422 5729725 7407102 10244506 11734367 15949764
52227 113354 453808 1094769 1348737 1379389 1405275 1641063 1717539 1788792 2014418 3042988 3509869 3871025 4459129 4917422 5012966 5729725 10244506 11734367 15949764
52227 113354 453808 1094769 1348737 1379389 1405275 1641063 1717539 1788792 2014418 3042988 3509869 3871025 4459129 4917422 5729725 7407102 10244506 11734367 15949764
52227 113354 453808 1094769 1348737 1379389 1405275 1641063 1788792 2014418 3042988 3509869 3871025 4208332 4459129 4917422 5012966 5729725 10244506 11734367 15949764
52227 113354 453808 1094769 1348737 1379389 1405275 1641063 1788792 2014418 3042988 3509869 3871025 4208332 4459129 4917422 5729725 7407102 10244506 11734367 15949764
52227 113354 453808 856743 1060064 1094769 1150448 1348737 1641063 3042988 4208332 4459129 5729725 7407102 10194850 15949764
52227 113354 453808 856743 1094769 1150448 1348737 1641063 3042988 4208332 4459129 5729725 7407102 10194850 10244506 11734367 15949764
52227 113354 453808 856743 1094769 1348737 1641063 1788792 3042988 3509869 3871025 4208332 4459129 4917422 5729725 7407102 10244506 11734367 15949764
52227 113354 453808 988973 1094769 1348737 1379389 1405275 1641063 1717539 2014418 3042988 4459129 5729725 7407102 10244506 11734367
52227 453808 1060064 1150448 1641063 4208332 4459129 5647603 5729725 6286390 7407102 10194850
5230597
5247901
5251068
5253309
5254998 5944548 6013794 6444389 6752494 7160026 7381685 7852470 9735693 10554423 12275639
5254998 5944548 6013794 6444389 6752494 7160026 7381685 9313163 9735693 10554423 12275639
5260892
5269654
52785 547900 569255 794889 879658 1431830 2595988 2733527 3803675 5525759 7902006
52785 547900 569255 794889 879658 1431830 2733527 3803675 5525759 7902006 19772872
52785 569255 794889 3659908 5525759 19772872
528923
529865
5305017
532682 1594818 1636757 1825378 1913642 2019547 2401892 2629530 3136264 4589941 9679847
532682 1594818 1636757 1825378 1913642 2019547 2401892 3075187 3136264 4589941 4679389 9679847
532682 1594818 1636757 1825378 2019547 2401892 2418012 3075187 3118438 3136264 3411823 4589941 4679389 4684797 4691218 7091259
532682 1594818 1636757 1825378 2401892 2418012 3075187 3118438 3136264 3411823 3561694 4589941 4679389 4684797 4691218 7091259
532682 1636757 1662783 1816854 1825378 1913642 2019547 2161425 2629530 3136264 7650935 9679847
532682 1636757 1825378 1913642 2019547 2629530 3136264 4589941 7650935 9679847
534689
5352997
5360790 5534716
5369486
5379640
5385497 12856748 13389021 14056073
5393207
5405670 5794003 6835820 7545677 10100129 12336879 14693838 17511277
5405670 5794003 6835820 7545677 8243320 12336879 14693838 17511277
5405670 5794003 6835820 7545677 8243320 8549066 10276241 10748205 13525677
5405670 6581925 7545677
5405670 6835820 10100129 10466236 12336879 14693838 17511277
5412103 11950418
5412659
5432911
543693 1450966 2480114 3523584 3832475 5042284 5326588 5393505 5605329 6945377 7067750
543693 1450966 2480114 3523584 3832475 5042284 5393505 5605329 5937848 6945377 8253513 8912993
543693 1450966 2480114 3523584 3832475 5042284 5393505 5605329 6945377 8253513 8292973 10875665
543693 902684 1732037 2480114 3024043 3523584 5326588 7067750
543693 902684 2480114 3523584 3832475 5326588 5393505 5605329 7067750
5453374
5453748 9457720
5483585
5495710
550864
5514169 12865308
5529001 5779727 5806978 6496615 7971175 8310852 8508372
5586481
5598234
5600152 9975344
5657623
5673136 14377743 15132203
5675624
5690260 6590160 10690163 11454699 15834344 17688887
569255 794889 3659908 5525759 15218823 19772872
5720086
5725372
5743925
5773734
5777309 7536558
5779727 5806978 6496615 7971175 8310852 8508372 10707331
5788663
5793042 8387240 9120243 9153864 9881131 9900092 10089800 11681677
58262 3202566 4453119 4597548 5334486 5431720 5901159 6271383 6392281 6452460 8283753 8579722
58262 902684 1732037 3024043 4597548 5334486 5901159 6452460
5837436
5853989
5869349 15266915 16009434
5895106 15221210
5901293
5935250 6792355 8457344 11032401 12938032 14110519 14305567 14483875
596559 1450966 1786813 3832475 5042284 5393505 5605329 5937848 6945377 8253513 8912993
596559 1450966 1786813 3832475 5042284 5605329 5937848 6945377 8750483 8912993
596559 1450966 1786813 3832475 5042284 5937848 6945377 8145858 8750483 8912993
596559 1450966 2480114 3523584 3832475 5042284 5393505 5605329 5937848 6945377 8253513 8912993
5967284
5977003
5983838 6175366 8156707 13558213 15261484
6013794 6444389 6752494 7160026 7381685 7417730 7437372 9313163 9735693 10554423
6013794 6752494 7160026 7381685 7417730 7437372 8038553 9313163 9735693 10554423
6018567 11867834
6018567 12991021 13840747
6020657 6664035 6773311 8157923 8832578
6020657 6773311 12761682 13160657
60256 92820 121674 452721 553032 653575 687085 808290 887806 1035009 1261711 1380759 1440646 1645062 2775979
60256 92820 121674 452721 553032 653575 687085 808290 887806 988973 1035009 1261711 1380759 1645062 2775979
603034 12704708
6037029
604086 697654 727649 914943 1430055 1891902 1977978
604086 727649 914943 1422765 1430055 1777700 1891902 1977978 7160150
6045791
6097156 16919346
61129 10803445
61129 811146 1030853 1693454 5135070 15366665
61129 811146 1030853 1693454 5135070 9625900
6119523
6128228
6131333
6144344
6163872 15212164
6172075 7339623 10330336 10769749 12136788 12331235 12812461
617256 2366435 9173818
61784 229247 1047243 1230789 1336990 1502140 1837741 2522913 2838209 2923460 3435202 3759305 4548935 6919454 12143224
61784 229247 1047243 1230789 1336990 1837741 2522913 2838209 2923460 3331390 3435202 3759305 4548935 6919454 12143224
61784 229247 1047243 1230789 1837741 2522913 2838209 2923460 3331390 3435202 3759305 4548935 12143224 12670514
61784 229247 1230789 1512131 2522913 2838209 2923460 3331390 3435202 3759305 4704841 5231203 5625602 5814993 6919454 8821675 10161103
61784 229247 1230789 1837741 2522913 2838209 2923460 3331390 3435202 3759305 4548935 5231203 5625602 12143224 12670514
61784 229247 1230789 1837741 2522913 2838209 2923460 3331390 3435202 3759305 4548935 5231203 5625602 6919454 12143224
61784 229247 1230789 2522913 2838209 2923460 3331390 3435202 3759305 4548935 4704841 5231203 5625602 5814993 6919454 8821675 10161103 12143224
61784 229247 1230789 2522913 2838209 2923460 3331390 3435202 3759305 4548935 4704841 5231203 5625602 5814993 8821675 10161103 12143224 12670514
61784 229247 996721 1047243 1230789 1336990 1502140 1704000 1837741 2522913 2838209 2923460 3435202 4548935 6919454 12143224
61784 229247 996721 1047243 1336990 1502140 1575594 1704000 1837741 2522913 2838209 2923460 3435202 6084656 12143224
61784 229247 996721 1047243 1336990 1502140 1575594 1704000 1837741 2522913 2838209 2923460 3435202 6919454 12143224
61784 229247 996721 1047243 1336990 1502140 1575594 1704000 1837741 2522913 2838209 2923460 3615271 3625594 5426843 6084656 6601067 11594687
61784 229247 996721 1047243 1336990 1502140 1575594 1704000 1837741 2522913 2838209 2923460 6084656 11594687 12143224
6188240 6690306 11206290 11355226 12386435 13874120
6202331
6213609 6323565 10146207
6215307
62251 321811 336974 485957 626764 680344 861755 1807111 2289919 3583717 3796654 4002869 4037561 4239528 4873032 4935358 5025975 5106779 5504116 7239695
62251 321811 336974 485957 680344 2208209 4037561 4873032 4935358 5025975 5106779 5504116 7239695
62251 321811 626764 680344 861755 1260116 1807111 2289919 3583717 3796654 4002869 4037561 4239528 4935358 5025975 5106779 5504116 8250857
62251 336974 485957 1457882 2208209 2289473 3020460 4873032 5504116 7194014 7239695 7288067
62251 336974 485957 1457882 2208209 2289473 4873032 5025975 5504116 7194014 7239695 7288067
62251 336974 485957 680344 1457882 2208209 2289473 4873032 5025975 5504116 7194014 7239695
62251 336974 485957 680344 2208209 4873032 5025975 5106779 5504116 7194014 7239695
6230377
626764 861755 1260116 1807111 3583717 3796654 4002869 4118127 4239528 4395016 6500528 8250857 12479122
626764 861755 1260116 1807111 3583717 3796654 4118127 4152250 4239528 4395016 6500528 8250857 12479122
627537 710193 1433767 2303505
627537 718529
6307325
631463 1145861 2304361 2313227 2345203 2491633 3540545 3758772 4220243 4298608 4474519 4689122 4784802 4906063 5287690 8010977
6338485
6343890
6350749 9879106 11698412 15842549 15845129
635468 2415101 3010627 3460262
635468 2415101 3010627 4016310
635468 3010627 3310536 4016310 4117913 4292413 12085526
635468 3310536 4016310 4117913 4292413 5429856 5494680 6574447 12085526
635468 3310536 4016310 4117913 4292413 5494680 6574447 13310303
636203 1032720 1617649
636203 1617649 11918551
636203 6805909 7423383 8911800 9257355 9697050 11783345 11918551
6366393
6396538
6409471
6426252 9617944
6438439
643886
6445088
6448421 10327921
6450140
6461659
647207 1737721 1835703 2098395 3257732 3466516 3853885 5397362 6996959 7313565 8644527 9808562 11127217 11997668 14037872
647207 1737721 1835703 3257732 3466516 3853885 5397362 7227052 7313565 9808562 11127217 11997668 14037872
6474661 7910476 10648200
6503220 7560254 8056053 8298476 10851866 11770729 12417124 16234589
650789 1544417 1563667 2073396 3135298 3596703 4320142 4581947 5146326 5187057 10336483 14450304
650789 1544417 1563667 3596703 3691446 5146326
6516869
651732 787200 1038036 1318953 1555233 1587947 2073803 2359207 2642031 2970442 4894611 5329187
6518984
6560267 8344758 9087470 12027895 13672732 13865094 15923076
656424
6567303 6962752 8113109 9454635 9691917 9710046 10198871 11177835 13379496
657495
6581925 9119698
6587247
6591792
6601439 6701452 7000583 7054836 7835645 10730590 12946033 14333539
6633304
6645371 10278935 11348939
66470 129349 2003265 2455040 2565347 2775600 3650326 4216659 4703433 5561089 6383774 13296856
66470 129349 245943 730552 2003265 2775600 3406163 3650326 5173914 5175062 5561089 6383774 13296856 16906206
66470 129349 245943 730552 2003265 2775600 3406163 3650326 5173914 5175062 5561089 6383774 8095397 8722378 16906206
66470 129349 730552 2003265 2455040 2775600 3650326 4216659 5561089 6383774 13296856
66470 129349 730552 2003265 2455040 2775600 3650326 5561089 6383774 13296856 16906206
66470 245943 730552 2003265 2775600 5175062 5515756 6383774 8095397 16906206
665643
6719198
6756094
676907
6772894
6788636
684590 10934718 12856748 13389021 14056073 14443635 15464818
684590 3256002 10934718 15464818
684590 3256002 4033249
6849168
6857294
6863183
689062 2291658
689062 2938578 2971646
6906312
692180 1060903 1870737 1946477 2161818 3209219 3615698 3804021 4851095 4935395 4938460 7044110 7260557 9747944
692180 1060903 1870737 1946477 3209219 3615698 3804021 4851095 4935395 4938460 6608065 7044110 7260557 9747944
692180 1060903 1870737 1946477 3615698 3804021 4368914 4851095 4935395 4938460 6608065 7044110 7260557 9747944
692180 741095 1060903 1184220 1203783 1578077 2165009 2565334 3804021 4722508 5091252 5704893 5772009 5890777 7044110 7260557 7813729 8208090 9747944
692180 741095 1060903 1870737 1946477 2083440 2161818 3209219 3430466 3615698 3804021 4935395 7044110 7260557 9747944
692180 741095 1060903 1870737 1946477 2161818 3209219 3615698 3804021 4851095 4935395 7044110 7260557 9747944
692180 741095 1060903 1870737 1946477 3209219 3615698 3804021 4851095 4935395 6608065 7044110 7260557 9747944
692180 741095 1060903 1870737 1946477 3615698 3804021 4368914 4851095 4935395 6608065 7044110 7260557 9747944
694879
6949818 8759635 8906759 9276533 9510054 10395573 10690327 11919591 12248050 14055655
6949818 9510054 10053203 12248050
6962752 9454635 9691917 9710046 10198871 11177835 13379496 13786962
6962752 9691917 9710046 11177835 13379496 13786962 17380311
6963855
6971647
697654 1379324 2772611 3202154 3314122 5838733 5972430 9795933 15880835
697654 727649 1379324
6980848
699398 3389059 4219132 4231953 4481185
699398 8469440 9420889
7007202 8725920 8751024 11682000 14294188
7068978
7078307
7094038 13724936
710193 1221495 1433767 1858154 1990124 2972628 3446272 8546496 10594018
710193 1433767 2303505 8546496 10594018
7107970 7751385 8051775 8585941 8852479 8890342
7139281
7160026 7381685 7417730 7437372 8038553 9313163 9735693 9789582 10554423
7184881
7188168 7301581 9302214
7201581 7722681 8173952
7265649 11890721
7286512
730345 3659908 6959469 7780005 8132378 8799311 10115235 10572873 17833388
730345 3659908 6959469 8132378 8799311 10115235 12474853 15218823
731061 1754137 2450808 2455040 2565347 4216659 4703433 6193448 9471031 11080154 11363443
731061 1754137 2450808 2455040 2565347 4216659 4703433 6193448 9471031 11080154 13296856
731061 1754137 2450808 6193448 8266938 9471031 11080154 11363443
7347404
7354016 7853528 10696408 14210575
7359623
7397773
7417730 7437372 8038553 8240057 9313163 9735693 9789582 12479282
7417730 7437372 8038553 8240057 9665362 9789582 12479282
742351 3485268 4283523 4786463 8131185 8683266
743245 1547404 2179635 2578657 2788543 3021370 3041135 3485022 3556992 4229431
743245 1547404 2768281 4740323
7442851 8561941 16025902
744294 1259453 1829124 3552641 3852925 4313901 7899930
744294 1259453 1829124 3552641 4313901 7899930 14522810
744294 1259453 4313901 6623000 7899930
7483950 16926651
7496139
7497618
7512087 10017434 11565889 12614622 12645557 14980930 16428450
7512087 9673083 9951096 10017434 11565889 12614622 12645557 14980930
7512717
7555781
759400
7605503 7722681 8173952 9535575 10015149
7605503 9535575 10015149 10032072 11123939
7610988
7619816
7630770
7646346
765830 3490107
765830 6615029
768427 14187708
768427 7927952
7688373
76897 1489622 1643726 1685927 1843340 4530815 10043490
76897 343958 361241 557602 1685927 1947314 1983726 2198132 2308184 2390248 2563681 2576962 3138014 3421662 4123361 7458458
76897 361241 557602 1489622 1643726 1685927 1843340 1947314 1983726 2198132 2308184 2390248 2563681 2576962 3138014 3421662 4123361 4530815 7458458
7717669
772395 3202566 4453119 5334486 5431720 5901159 6271383 6392281 8283753 8579722
772395 3202566 4453119 5431720 6271383 6392281 8283753 8579722 10798280 11919591 14055655
772395 3202566 6271383 6392281 8283753 8579722 9276533 10395573 10798280 11919591 14055655
772395 6271383 6392281 8283753 8579722 8906759 9276533 10395573 10798280 11919591 14055655
772395 8283753 8579722 8759635 8830896 8906759 9276533 10395573 10798280 11919591 14055655
772395 8579722 8759635 8830896 8906759 9276533 10395573 10690327 10798280 11919591 14055655
7751385 8051775 8451913 8585941 8852479 8890342 10185997 11223058 11378224
7751385 8451913 8716155 10185997 11223058 11238974 11378224 13238188
7770080
7774231
777529 3656442 7077684 8380758 9272019
7804685 12555775
7824812 11698412
7836287
7857263
787200 1038036 1555233 1587947 2359207 2970442 4049575 4894611 5329187
788682 1186959 1344293 1775968 2246710 2418341 3019792 3622404 3638638 3843792 4587349 8824938 11770299 13354532
789084 2722990 2945268 4633581 5027416 5612230 5881256 8622242 10169705 11458456
794889 3659908 12474853 15218823 19772872
7956199 11086164
7971175 8310852 10660076 10707331 11940169 13390891 13948270
797787 1089388 1197758 1779146 2857454 2992908 7248952 7896196 9712393 11907565
7980277 8561464 12991021
798413 1069784 1686378 2668837 2745107 3321628 4004290 5169579 6254826 7425201 10548841
799132 1318753 1677961 1774716 2072640 2269953 3285591 9761097 15884803 16891029
799132 825309 1318753 1774716 2072640 2269953 3285591 9761097 15884803 16891029
801126 1571600 1774716 2090706 2185132 2205522 2611105 3376155 4039531 4247150 4817048 5014461 5060233 5375205 6859078
801126 1571600 2090706 2185132 2205522 2611105 3376155 4039531 4247150 4817048 5014461 5375205 6265955 6859078
801126 825309 1318753 1571600 1774716 2205522 5060233 9761097 15884803 16891029
801126 825309 1318753 1774716 2072640 2205522 3285591 5060233 9761097 15884803 16891029
801126 825309 1318753 1774716 2072640 2269953 3285591 5060233 9761097 15884803 16891029
801126 825309 1571600 1774716 2090706 2185132 2205522 2611105 3376155 4039531 4247150 4817048 5060233 5375205 6859078
801126 825309 1571600 1774716 2090706 2185132 2205522 2611105 3376155 4039531 4247150 4817048 5060233 5375205 7799349
801126 825309 1571600 1774716 2090706 2205522 3376155 4039531 5060233 5375205 7799349 16479059
80206 1023841 1746326 1988671 3931266 6139985 7762073 14477621 15855679
80206 1191854 1541708 1988671 3793355 4623555 5854820 9440762 9889003 12061510 12513144 14436305 14477621
802181 3310536 4117913 4292413 5260271 5429856 5494680 6574447 6912961 12085526
802181 3978181 4117913 5260271 5429856 5494680 6574447 6912961 12085526
8026363
80327 2754067 3480581 5923128 6269750 9949572 10071800 10468858
80327 6501310 7211683 7254543 7813615
8059048
8100785
810167 3360076 10889576 11763367 14494765 14818176
810167 921233 3360076 10889576 14494765 14818176
811146 1030853 1693454 1786058 3596840 4349368 5135070 5279577 5365005 5532307 8035386
811146 1030853 1693454 1786058 4349368 5135070 5279577 5365005 5532307 8035386 9625900
811146 1030853 1693454 2084659 5135070 5365005 5544563 15366665
8114316
8135577
8141373
8168255
819211 2413905 8751024 12869302 12990196
819211 2413905 8751024 12962980 12990196
819211 4051170 12461436 12869302 12990196
819211 7007202 8725920 8751024 12461436 12869302 12990196
824397
826429
8292898
830653 1418848 2098855 2382646 2633554 3079989 3096978 4098651 5210857 5476633 6209288 6708474 7178302 9589564 13439858
830653 1418848 2098855 2382646 2633554 3079989 3096978 4098651 5322099 5476633 6209288 6573753 9589564 13439858
830653 1418848 2098855 2382646 2633554 3079989 3096978 4098651 5476633 6209288 6573753 7178302 9589564 13439858
830653 1418848 2098855 2633554 3079989 3096978 3199532 3676976 4098651 5322099 5476633 6209288 6573753 9589564 13439858
830653 1418848 2098855 3079989 3096978 3199532 3676976 4053623 4098651 5322099 5476633 6209288 6573753 9589564 13439858
830653 1418848 2098855 3079989 3096978 3199532 3676976 4053623 5322099 5476633 6209288 6573753 9589564 12548903 13439858
830653 1418848 2098855 3079989 3096978 3199532 3676976 4053623 5322099 5476633 6573753 9589564 12548903 12866437 13439858 14978630 16619708
830653 1418848 2098855 3079989 3096978 3199532 3676976 4053623 5322099 6573753 9334570 12548903 12866437 14978630 16619708
8308010
8343672
83453 121674 270865 653575 727512 808290 887806 1035009 1380759 1421252 1440646 1645062 1751894 1859965 2655659 2775979
83453 121674 270865 727512 1421252 1440646 1859965 1938836 2468522 4045056 4165141 4364144 4377072 4545923 4711155
83453 121674 270865 727512 887806 1035009 1380759 1421252 1440646 1645062 1751894 1859965 1938836 2468522 2655659 2775979 4045056 4165141 4364144 4377072 4711155 9265665 11837939
83453 270865 727512 1421252 1440646 1859965 1938836 2145158 2468522 4045056 4165141 4364144 4377072 4545923 4711155
8387346 10696408
8401194 8507711 9097541 13036036
8414649 9701421 9909787 13132562 15561123 17316349
842888 1127974 1535901 1597188 1610649 3229021 4330953 5566904 10511254 11807610 15239565
842888 1127974 1535901 1610649 4330953 5503195 5781977 7251600 10475725 11807610
8451913 8716155 9621552 10185997 11223058 11238974 11378224 13238188
8451913 8716155 9621552 11223058 11238974 11378224 12248598 13238188
8451913 8716155 9621552 11238974 11714033 12248598 13238188
84525 3501238 9523304 13452730
8456363 11343410
847955 1575594 2197050 3507966 3615271 3625594 5426843 6084656 6601067 8151120 11594687
847955 2197050 3507966 3540545 4220243 4474519 4689122 4784802 4906063 5287690 5547261 7017491 8010977 8151120
847955 2197050 3507966 3615271 3625594 5426843 5547261 6601067 7017491 7380356 8151120 8576578 11594687
847955 2197050 3507966 4220243 4474519 4689122 4784802 4906063 5287690 5547261 7017491 7380356 8010977 8151120
847955 2197050 3507966 4220243 4689122 4784802 5287690 5547261 7017491 7380356 8010977 8151120 8576578
847955 2197050 3615271 3625594 5426843 5547261 6601067 7017491 7380356 7935073 8062494 8576578 8807928 9278184 9485937 11594687
847955 2197050 4220243 4689122 4784802 5547261 7017491 7380356 7935073 8010977 8576578 9485937
847955 2197050 4689122 4784802 5547261 7017491 7380356 7935073 8010977 8576578 9278184 9485937
847955 2197050 4784802 5547261 7017491 7380356 7935073 8010977 8062494 8576578 9278184 9485937
847955 2197050 5547261 7017491 7380356 7935073 8010977 8062494 8576578 8807928 9278184 9485937
847955 996721 1047243 1336990 1502140 1575594 1704000 1837741 2197050 3615271 3625594 5426843 6084656 6601067 8151120 11594687
84814
8511100
8561941 15923076 16025902
8642156
8667090
8686710
8693416 10169051 10296237 11808867
8695222
8716155 9621552 11714033 12248598 16964585
8756062
8776646
8801672
882418
892666 1303935 1416950 2382646 2565954 2633554 3524674 4098651 5210857 5643042 5841111 6209288 6708474 7178302 10169705 11458456
892666 1303935 2382646 2565954 2633554 3524674 4098651 5210857 5643042 5841111 6209288 6708474 7178302 9589564
892666 1303935 2382646 2565954 2633554 3524674 4098651 5210857 6209288 6708474 7178302 9589564 13439858
892666 1303935 2565954 3524674 5643042 5841111 8622242 10169705 11458456
892666 2098855 2382646 2633554 3096978 3524674 4098651 5210857 6209288 6708474 7178302 9589564 13439858
892666 2382646 2565954 2633554 3096978 3524674 4098651 5210857 6209288 6708474 7178302 9589564 13439858
8970132 10241856
8984335
89903
9037287
9048594
9058458
9074932 10301296 14380813
9134146
9160381
9168840
9210137
921233 19583519
9216334
9222225
923790 1276892 1621999 1662783 1745249 1767197 1816854 1964020 2138551 2161425 2391565 3658473 5808264 5936160 6408901 7111038 8179746 8621513 12548209 13319820
923790 1276892 1621999 1662783 1745249 1816854 2138551 2161425 2391565 2629530 3658473 5808264 5936160 6408901 7111038 7650935 8179746 8621513
923790 1276892 1621999 1662783 1745249 1816854 2138551 2161425 2391565 3658473 5808264 5936160 6408901 7111038 7650935 8179746 8621513 12548209 13319820
923790 1276892 1621999 1662783 1816854 1913642 2161425 2391565 2629530 3658473 7650935 9679847
923790 1276892 1621999 1745249 1767197 1964020 2138551 2215982 2391565 3658473 5808264 5936160 6408901 7111038 8179746 8621513 12548209 13319820
92820 121674 553032 653575 687085 808290 887806 1035009 1261711 1380759 1440646 1645062 1751894 2655659 2775979
9295474
9305579 9425595 9510054 10053203 10288932 12248050
9335040
9337469
9364006
9367897
9368237 10586237
9385495
9415887
944726 2221651
944726 9745364 10327921
9508847
9522159
9531825
9571001
958140
9585391
9587840
9612830
9613252
9619995 14181536
9631843
9650915 15266915 16009434
9650915 17344404
9658076
966886
9681195
968482
9686593
972780 1098149 1590013 1960035 2661364 2732767 2813276 7260793 7603510
9762217
9765593
9791891 16536697
9841700
9849179
986121 9272019 17723152
9889783
996225
9978620 11649700 12877404
999796 1442819 2752871 4966008 6017372 6304832 7922420 9402907 9815596 10428121 13160677 13713492 13803609 15586521 16254085
999796 2752871 2798670 4966008 6304832 7922420 9402907 9815596 13713492 13803609 15586521 16254085
999796 2752871 2798670 4966008 7922420 9402907 9815596 14132391 15586521
999796 2752871 4966008 6017372 6304832 7922420 9402907 9815596 9908520 10428121 13160677 13713492 13803609 15586521 16254085
999796 2798670 3219714 7922420 8354053 14132391
