16 6356 8856
16 8856 9423
20 1520 6626
29 1587 9406
32 5051 8987
33 4743 7298
34 3462 9083 9355
42 2883 5074
48 2999 6854
55 1475 3829 9890
61 791 4403
61 4403 4501
82 1797 2752
82 2021 2752
109 1633 4188
125 1345 5255
135 434 1017
135 434 1067
138 1089 3503
148 755 3676
149 3184 4445
150 583 7456
155 519 5098
169 306 6847
171 4116 4965
174 1897 4849
174 1897 8174
179 2012 2850
182 9707 9937
203 2298 3616
206 2510 5617 7971
206 2510 5617 8433
210 310 5261
220 1487 9055
240 6423 8637
247 3263 5224
247 3263 8424
250 1161 5944
252 739 5438 9061
254 948 3760
257 2033 3720
259 1228 2295
285 3111 3544
298 4334 5659
301 922 2531
307 352 9218
311 2341 2356
318 1485 7390
347 503 3383 4067
379 3530 6319
381 2278 5974
406 9269 9797
420 2359 8713
420 4917 8713
420 5549 8713
434 1017 3830
434 1067 3830
434 1570 3830
484 5094 6246
490 5774 8821
499 5113 5959 7207
551 2091 3161
564 6473 7983
574 2526 8621
574 2526 9553
574 2526 9903
578 1859 2068
585 1629 6154
612 1098 8517
646 1197 9798
681 3141 6226
709 3353 5597
719 743 1208
719 1208 1377
719 1377 9316
737 962 4393 9453
738 7034 9162
740 1920 7138
745 991 6206
774 4626 7941 8435
779 1911 2765
786 3708 6178
818 3174 5125
827 4945 8895
844 1155 2254
850 2251 8001
897 5650 9551
900 1783 4272
903 3101 4671
912 2559 9185
912 5253 9185
913 1328 1517
928 9687 9918
932 5714 8954
934 5626 7772
951 3849 9858
957 4090 7109
972 7188 8404
977 5103 6375 8183
1013 2747 3725
1014 2221 2632
1023 2512 6463
1059 1913 8033
1068 1622 9717
1076 7289 7593
1081 3139 7001
1099 6458 6570
1100 1239 7821
1103 4688 6772 8339
1132 4095 6116
1136 2698 4518 6553
1144 7410 8917
1150 2346 8193
1158 4356 7174
1177 7349 8437
1192 2525 5997
1210 6396 9490
1223 6314 8997
1228 2295 5561
1246 5448 7569
1252 2327 8309
1252 4444 8110
1262 4669 6340
1278 1885 4089
1294 3292 4782
1308 2152 5060
1311 3575 6480
1326 1816 9708
1330 5289 7335
1330 7335 7949
1336 1935 2659
1345 3381 5255
1356 7283 7485
1371 4663 7305
1389 2315 8916
1394 4670 5267
1448 3408 9354
1468 4560 8262
1469 3700 5136
1475 2416 9890
1484 3362 7094
1497 6877 8886
1510 3715 4017
1510 3715 5053
1536 6897 9495
1537 3422 6672
1549 5717 6115
1554 2176 4766
1566 1681 2166
1571 7060 8222
1576 2322 9039
1600 6112 9237
1606 3064 8652
1621 2802 7599
1627 1854 8190
1629 6154 8933
1631 4311 5062
1638 4885 5114
1645 4050 9359
1652 6140 8047
1659 6579 8986
1670 3056 6362
1681 2166 8253
1685 3284 8423
1693 5525 8338
1724 5481 6047
1745 4368 8177
1754 7112 8050
1769 1812 7948
1772 7452 9608
1774 5854 9475
1807 1950 4958
1842 6993 9267
1879 2005 9225
1879 6087 9225
1879 6087 9801
1898 6211 8527
1914 2220 7919
1927 2677 8096
1944 5831 6682
1961 7238 7457
2021 2752 9158
2041 4837 5923 6740
2101 3744 7790
2103 4714 9753
2115 5580 9042
2143 2802 3536
2145 3915 7981
2148 3988 4557
2187 4664 5800
2205 3443 4367
2209 7383 9368
2215 2395 8830
2301 6915 7969
2326 6533 7071
2327 2639 8309
2333 5197 7267
2364 4282 7404
2365 3855 6824
2373 4101 5691
2403 6416 7417
2417 6077 6160
2417 6160 9414
2421 6971 8913
2428 7686 8845
2441 4825 8557
2446 2843 9956
2447 3376 7684
2524 2562 7003
2526 8291 8621
2528 2964 3433
2528 3433 9044
2577 4799 8600
2579 2787 3006
2590 2633 2682 7712
2590 2682 8256
2626 5723 9222
2663 4061 6728
2674 4359 7500
2741 4093 7880
2779 6109 8343
2802 3536 7599
2802 6524 7599
2836 6242 7591
2851 3176 6037
2873 3116 9156
2890 4073 7773
2896 5293 5407
2919 7778 7998
2940 6450 8655
2968 3959 5322
2984 6314 8997
2999 6854 8348
3024 7669 8288
3064 4732 8652
3077 5582 6704
3087 3529 8477
3151 5121 7927
3163 4994 6369
3166 4411 8293 8794
3186 5943 7360
3215 6189 7711
3223 7351 9740
3228 3897 5534
3273 3595 7291
3318 4141 7889
3336 7194 8545
3345 6478 8024
3368 3637 6831
3394 4217 5913
3402 3563 5939
3441 5879 9585
3456 4332 6699
3466 4319 7308
3470 3899 8965
3498 9188 9518
3509 5240 5823
3597 7119 9854
3599 6527 8625
3599 6916 8499
3634 7580 9630
3661 5850 7193 7871
3692 8662 9871
3698 4452 7330
3718 7488 7931
3735 4364 7476
3735 5813 7476
3767 5866 9333
3784 4166 9360
3819 5826 6201
3895 8275 9340
3940 6138 9386
3985 5359 8337
4083 6842 7478
4092 8741 9247
4166 7969 9360
4204 5868 6660
4235 5077 8397
4235 5077 8683
4237 5570 8915
4257 4288 5265
4265 9096 9459
4288 5265 9293
4331 4902 9008
4331 6792 6922
4331 6922 9008
4353 8367 9697
4359 4481 4995
4361 4622 6279
4373 6370 8526
4429 4626 7941 8435
4429 5282 7887
4476 5427 5600
4490 6382 9168
4516 7393 8774
4612 4873 8708
4666 6149 7946
4673 7505 9649
4813 5180 6292
4813 5180 8758
4825 7033 8557
4841 6493 8760
4853 5557 6761
4863 4973 7853
4870 5633 6684
4879 6159 8312
4901 7806 7930
4926 5073 5729
5006 5386 7106
5101 7194 8545
5169 7067 7972
5187 5560 8882
5191 8111 9952
5219 5859 9060
5269 7545 9052
5338 6650 9731
5365 8163 8860
5377 5904 7157
5587 5749 8872
5643 7132 7682
5670 6789 7913 8199
5767 6448 8789
5769 6183 8372
5783 6174 6727 8624
5906 6596 9988
6087 9203 9801
6109 6513 8343
6138 9386 9504
6204 6395 8976
6231 7844 8910
6378 6555 8401
6404 7394 8223
6599 7326 9361
6711 7293 9706
6776 7247 9045
6820 7184 7875 8838
6820 7875 8878
6940 9164 9810
7326 7794 9361
7370 9720 9970
7574 7852 9199 9540
8076 8495 8812
8230 8466 9543
8275 9064 9340
3899 8495 8812
3470 3899 8495
3215 6189 7711
3215 4456 7711
2116 4856 8333
298 602 5659
