1009 1195 1218 1302 1671 1734
102 202 232 279 730 1231
103 158 540 816 1073
103 368 493 1050 1283
103 493 540 1050 1073 1283
1035 1061 1342 1425 1584 1611 1661
1035 1061 1342 1425 1584 1661 1954
103 540 816 1050 1073 1283
105 244 302 313 318 486 689 1716 1832
1056 1125 1537 1975 1982 2051 2066
1061 1342 1425 1584 1611 1661 1837 1847
1061 1342 1425 1584 1611 1661 1847 1954
106 132 147 434 516 570 768 1390 1731 2055 2069
106 137 503 516 1364 1390 1556 1731 2055 2069
106 137 503 733 1364 1390 1556 2055
1069 1102 1227 1260 1442 1643
1069 1102 1260 1442 1643 1729
108 113 1369 1386 1533
108 113 182 296 339 394 459 494 541 646 736
108 113 182 339 394 459 646 1369
108 113 339 646 1369 1533
108 113 459 646 1369 1386
1085 1201 1269 1699 1827
1085 1201 1597 1601 1699 1827
109 176 408 618 621 664 988 1063 1173 1216
1092 1528 1602 1796 1829
1101 1153 1196 1202 1238 1297 1540
1104 1228 1239 1290 1338 1388 1421 1744
1104 1228 1239 1290 1338 1388 1870
1104 1228 1239 1290 1388 1463 1744
1104 1228 1239 1290 1463 1870
11 127 647 798 851 908 970 975
112 139 297 605 607 886 966 1010
112 461 886 1010 1134 1166 1229 1285
11 248 798 851 908 970 975
11 248 851 908 970 975 1136
11 248 970 975 1120 1136 1268
112 605 607 886 966 1010 1134
112 605 886 966 1010 1134 1166 1229 1285
115 175 180 204 239 262 398 483 627 659 817 1835
115 175 180 204 239 398 483 627 659 817 1086
115 175 204 239 262 483 538 659 817 981 1835
115 175 204 262 301 425 538 572 659 812 817 981 1835
115 175 204 262 301 483 538 572 659 817 981 1835
115 175 262 301 572 659 817 853 981
115 180 204 239 398 483 616 627 659 1086
1159 1367 1420 1475 1489 1546 1571 1615 1631 1637
116 370 383 442 566 707 982
116 383 442 458 487 707 1657
117 331 581 789 1066 1356
117 331 581 789 850 1066
117 331 581 789 850 1171
117 331 789 850 1066 1171
117 581 789 850 1127 1171
1179 1407 1589 1610 1676 1715 1778 2059
1183 1313 1514 1756 1814 2039
1200 1212 1237 1490 1568 1579 1681
1201 1597 1601 1680 1699 1827
1212 1237 1490 1568 1579 1648 1681
121 478 527 563 593 899
12 196 631 773 819 1222
122 143 197 432 2046
1224 1340 1535 1781 1922
123 153 190 222 587 1727
12 59 119 158 196 631 773 819 864
1259 1328 1795 1807 1965
127 554 647 798 851 908 970 975
130 198 278 438 805 840 876 925
130 198 278 438 805 840 925 1512
1313 1499 1514 1814 2039
1317 1329 1365 1374 1461 1762
132 147 434 570 678 768
133 252 550 552 556 582 833 931
133 252 550 552 556 793 833 931 962 1041 1110
135 738 879 896 930
1358 1451 1498 1570 1700 1746
1359 1660 1663 1793 1943 1962
13 609 641 778 867 1026 1152
13 609 641 778 867 1026 2004
13 609 641 867 1581 2004
1361 1509 1659 1764 1768
137 503 733 1128 1364 1556 1673
137 733 1128 1415 1673 1788
1 382 1301 1438 1488 1519
138 354 359 806 1084 1090
138 706 977 1084 1090 1726
139 174 226 297 357 366 497 558 605 607 668 966
139 297 366 497 558 605 607 668 886 966
139 297 497 605 607 886 966 1010
141 284 619 764 938 1955
1424 1428 1485 1619 1665
1424 1428 1485 1619 1670
1436 1687 1693 1822 1895 1897
1436 1822 1895 1897 2016
1448 1487 1548 1578 1582 1707
1448 1548 1578 1582 1707 1797
145 747 845 947 1018
145 747 947 1018 1352
145 875 986 1049 1352
145 875 986 1049 1437 1462
1475 1489 1571 1615 1631 1637 1927
152 165 236 266 843 1074 1184 1371 1405 1667
152 165 236 454 843 1371 1405 1667
15 237 807 848 893 900 969 1129
1 54 209 257 382 633
1 54 209 382 1519
1559 1599 1685 1728 1739 1830
1562 1651 1831 1865 1937
1567 1575 1583 1614 1730 1757
1567 1583 1614 1730 1848 1972
158 540 816 864 1073
162 484 754 1087 1563
16 34 105 244 302 313 486 689 1716 1832
16 34 105 244 302 384 486 689 1716 1832
16 34 105 244 302 384 689 1716 1832 2046
16 34 105 244 302 384 689 914 958 1190 1716 1832
16 34 105 244 302 384 689 958 1190 1423 1716 1832
16 34 105 244 302 384 914 958 1190 1423
16 34 105 244 302 384 914 958 1716 1832 2046
163 421 576 1261 1634 1784 1808
163 421 576 577 590 915 1005 1261
164 251 502 1758 2076
17 118 124 178 199 327 625 1151
17 118 178 199 327 625 1469
17 118 199 327 625 842 1469
172 722 1133 1273 1287 1517 1547 1766
172 722 956 1133 1273 1287 1517 1547
174 226 357 366 497 668 1038
175 262 301 572 659 680 853 981
176 621 664 988 1063 1173 1216 1553
1776 1914 1973 1996 2031
179 242 265 427 653
180 239 398 616 627 742 1086 1270 1426
182 296 494 541 736 1668
183 192 361 424 529 1070
184 871 1105 1131 1312 1351
187 223 402 1080 1122
187 402 1080 1107 1122
189 291 316 342 441 448 535 674 737
189 291 316 441 448 535 650 674 737
189 291 316 448 535 737 1337
18 983 1117 1220 1293
1 92 209 382 633
1 92 382 1301 1438 1488 1881 2009
1 92 382 633 1301 1438 1488
1 92 382 633 1438 1488 1881
1 92 633 1011 1881
1 92 633 1488 1881 2009
193 321 504 697 700 720 824 890 1112 1137 1311 1891
194 250 348 374 940
194 348 374 940 1164
198 278 438 805 897 1512
198 278 805 897 1298 1512
201 292 561 591 606 790 894 1094 1175 1207 1330 1391
201 292 561 591 606 790 894 1094 1175 1263 1330 1391
206 325 426 455 477 1389
208 285 379 391 440 518 564 821
208 285 379 422 512 564
208 285 379 512 564 821
208 285 417 564 1203 1225 1289 1384
208 285 422 471 512 564
208 285 512 564 1203 1225 1289
2 10 373 639 640 801 924 979 1197 1441 1449 1561 1656 1658
2 10 47 61 373 639 640 801 924 979 1197 1441 1449 1561
2 10 61 373 639 640 801 924 979 1197 1441 1449 1561 1658
215 229 299 341 362 405 445 585 1244
217 294 665 710 723 776 993
218 1146 1156 1169 1274 1504 1510
219 508 536 687 832 932
219 508 687 832 932 1320
220 418 866 1250 1450 2040
22 63 215 229 299 341 362 405 445 585 648 658
22 63 445 585 648 658 763
228 254 799 922 1000
231 367 453 614 1439
231 367 453 614 968 1075 1247
231 453 614 968 1075 1247 1857 1868
235 253 1176 1277 1481 1606 1708 2034
23 80 146 1036 1044 1062 1077 1143 1401
23 80 146 544 1036 1044 1062 1077 1143
23 80 146 544 876 882 1044 1062 1077 1143
23 80 146 882 1036 1044 1062 1077 1143
238 372 786 1029 1095
238 372 786 906 1095
23 84 111 146 1036 1044 1062 1077 1143 1401
243 322 428 573 661 683 965
243 428 573 661 683 965 1043 1236
24 40 162 484 636 818 1163 1286
246 1291 1494 1587 1720 1750 2001
247 411 598 735 739
248 1120 1136 1268 1412 1478
252 550 552 556 793 833 919 931 962 1041 1110
252 552 556 793 919 931 962 999 1041 1110
252 552 793 919 931 962 999 1020 1041 1110
255 295 835 1047 1054
258 315 350 358 406 436 439 692
258 315 350 358 439 692 791
25 91 121 527 563 593 708 899 1431
25 91 121 708 759 1431
260 488 495 715 858
261 266 363 520 589 1009 1074 1508
261 266 363 520 589 1009 1195 1218
261 266 363 520 589 843 1074 1184 1371 1405 1667
261 266 363 589 1074 1184 1508
261 363 520 589 1009 1195 1218 1302
262 301 425 572 680
26 264 480 1888 1995 1998
263 500 1028 1158 1483 1492 1732
263 881 1028 1483 1732
264 352 987 1209 1629 1678 1856
264 480 1856 1888 1995
264 987 1209 1629 1678 1856 1888 1995
269 305 746 749 830 913 917 1076 1160 1223
269 305 746 749 830 913 917 1076 1160 1275
269 746 749 830 913 917 1076 1160 1223 1275 1310
272 284 450 482 670 764 938
273 343 1100 1205 1353 1703
273 743 834 1006 1100 1174 1205 1703
273 743 834 1006 1174 1205 1572 1703
273 834 1100 1205 1353 1703
274 1222 1272 1686 1697 1737
275 294 665 710 723 776 993
278 897 949 1298 1512
283 375 457 542 613 955
283 375 457 613 955 1118
283 375 613 1118 1573
283 400 457 542 555 955 1345
283 457 542 555 613 955 1345
28 36 77 159 225 324 329 387
28 36 77 159 225 324 329 451 909
28 36 77 159 324 329 451 884 909 1008
284 482 619 764 938 1955
284 482 670 764 938 1955
285 417 564 1203 1225 1289 1384 1506 1552
287 1586 1654 1740 1754 1854
288 1232 1308 1427 1499 1514
291 316 342 441 448 546 666 737
291 316 342 441 448 666 674 737
291 316 342 441 546 666 718 737
291 316 342 448 535 737 1337
292 591 1175 1207 1706
295 835 1047 1054 1624
300 1314 1327 1354 1375 1417 1465 1466 1549 1599
300 1314 1327 1354 1375 1417 1465 1549 1559 1599 1685 1728 1739
301 425 572 812 1574
303 449 802 1031 1068 1132 1294 1344
312 721 740 1206 1672 2041
3 127 554 647 1187
313 318 409 486 803
314 387 420 463 612 943
314 420 463 612 943 1612 1841
315 350 358 439 692 791 887
321 504 700 1112 1647
321 720 824 890 1112 1891 1916
322 573 661 683 965 1343
32 50 249 290 317 351 365 369 377 652 666 686
32 50 249 365 369 377 441 546 592 666 686 718
32 50 342 365 377 441 546 592 666 686 718
32 50 82 249 290 317 351 365 369 377 592 652 686
32 50 82 249 290 317 365 369 377 592 652 666 686
32 50 82 98 249 290 317 334 351 356 365 369 377 652 686
32 50 82 98 249 290 317 351 356 365 369 377 652 1150
32 82 98 249 290 317 334 351 356 365 369 377 652 1150
330 1051 1240 1626 1674 1934 1959 1963 2033 2053
330 1240 1626 1934 1959 1963 2007 2053
330 1240 1682 1803 1934 2007
330 1240 1682 1934 1959 1963 2007 2053
331 850 1066 1127 1171
332 530 543 681 1395 1409
33 268 1320 1701 1771 1836 1879 2052
33 268 832 932 1320 1701 1771 1836 1879
33 508 687 832 932 1320 1701
337 392 498 578 611 615 760 808
337 498 578 611 760 761
338 386 397 446 467 478 551 588
34 105 244 302 318 486 689 1716 1832
342 441 546 592 666 686 718 737
34 244 302 384 782 1716 1832 2046
34 244 384 782 859 1716 1832 2046
34 244 782 859 1042 1716 1832 2046
342 546 718 737 1337
34 432 782 859 1042 1716 1832 2046
345 1037 1648 1681 1898 1901
345 1212 1568 1579 1648 1681
345 565 1037 1257 1648 1874 1898 1901 1961
346 481 892 1025 1055 1067 1071 1141
347 838 904 1072 1081 1191 1192 1217 1249
349 385 712 780 846
35 126 430 823 825 845 1226 1500 1565 1585
352 767 839 952 991 1052
352 767 839 987 1052 1209
352 839 987 1052 1209 1629 1678
352 839 987 1209 1629 1678 1856
355 521 595 638 682 688 774 799 922
358 439 791 841 887
360 1032 1554 1851 1930
360 1554 1851 1930 2093
362 814 1130 1244 1824
36 77 159 225 314 329 387 612
36 77 159 225 324 329 387 612
36 77 200 225 314 329 387 612 637
368 493 1283 1551 1620
368 493 809 1551 1620
370 566 571 694 1001
370 566 571 703 998 1001
370 566 694 982 996
371 728 1091 1164 1233 1255 1341 1741 2025
371 728 757 1741 2025
38 325 426 470 1380 1389
388 617 765 1185 2099
391 440 518 604 1444
39 1538 1618 1628 1630 1696 1721
397 467 478 527 551
40 162 484 754 818 1087 1163
40 162 484 818 1087 1163 1286
402 941 1080 1107 1122
404 755 937 1039 1410
409 1179 1407 1589 1610 1676 1715 1778
409 803 1179 1407 1589 1610
4 1012 1144 1181 1251 1276
414 444 770 857 1400 1812
414 444 770 857 1415 1788
41 51 125 191 257 336 485 490 548 685 744 1305
41 51 125 191 336 485 490 548 685 744 1305 1819
41 51 54 125 191 257 336 485 548 685 744
41 54 125 191 209 257 336 485 548 685 744
417 1203 1225 1289 1384 1506 1552 1890 1941
419 608 734 872 926
42 55 81 177 630 942 995 1386
42 55 81 630 942 1386 1592
42 81 630 1369 1386 1533
42 81 630 942 995 1386 1533
428 573 661 683 965 1043 1236 1343
429 941 1107 1122 1154
429 941 1107 1154 1484
431 828 868 869 910 961 1108
431 868 869 910 961 1108 1304
43 227 1078 1145 1603
432 782 859 1042 1059 2046
4 346 1012 1067 1181 1276
4 346 481 892 1067 1071 1141
435 719 731 1221 1434 1453
439 785 791 841 887
44 100 142 181 240 401 603 795 1616 1900
44 72 100 142 181 205 240 401 603 795 1900
44 72 102 142 181 202 205 232 240 279 603 795
44 72 102 142 181 205 232 240 279 401 603 795
447 571 703 756 800 998 1001
45 48 122 143 197 432
456 677 978 1373 1769
461 1166 1229 1285 1413 1531 1543
461 1413 1529 1531 1543
46 189 291 316 448 535 650 674 737 861 903 1048
462 747 947 1018 1352
466 499 519 724 762 1064
468 672 933 976 980
475 586 1432 1460 1598 1635
47 61 469 624 640 1406
47 61 624 639 640 801 924 979
47 61 624 640 801 924 1406
481 892 1025 1055 1067 1071 1141 1296
481 892 1025 1055 1071 1096 1141 1199 1296
481 892 1025 1055 1071 1096 1199 1296 1691
482 619 670 764 938 1955
488 495 525 715 858
488 495 525 858 1204 1248
488 495 715 787 858
49 422 471 533 1098
49 533 1098 1820 2005
496 706 936 977 1726
498 578 611 760 1336
498 578 611 760 761 953
501 522 602 750 883 927 1030 1123
51 485 490 744 1093 1305 1819
519 724 762 1064 1177
520 589 1009 1195 1218 1302 1671
522 602 750 927 1030 1060 1271 1347
522 602 927 1030 1060 1267 1271 1300 1347 1404
522 927 1060 1267 1271 1300 1347 1397 1404 1455
525 1204 1248 1646 1990
531 679 779 863 963 1002 1464
531 679 963 1002 1015 1464
531 679 963 1002 1015 1607 1683
531 863 963 1418 1464
54 125 209 257 382
547 654 1074 1184 1456
552 793 919 962 999 1020 1041 1110 1482
5 6 20 52 64 107 259 289
566 694 982 996 1382
575 622 702 1035 1061 1425 1954
577 590 915 1005 1939
578 611 760 761 1336
578 760 761 852 953 1336
578 760 761 953 1336 1376 1381
578 761 852 953 1336 1376 1381
578 761 948 953 1336 1376 1381
578 761 948 953 1376 1378 1381
586 769 1432 1460 1598
586 769 1432 1598 1826
594 695 709 767 952 991 1052
594 695 767 839 952 991 1052
5 99 150 259 460
600 1120 1136 1268 1412 1478 1575
600 1120 1268 1412 1478 1575 1757
600 1478 1575 1614 1757
600 1575 1614 1730 1757
60 64 83 134 144 234
60 83 134 234 309
608 734 844 872 888 926 1027 1200
608 734 844 888 926 954 1027 1200
608 844 888 926 954 1027 1200 1215
616 742 877 1086 1270 1426
629 1051 1240 1626 1674 1934 1959 1963 2033 2053
649 1361 1370 1509 1659
649 838 904 1072 1081 1191 1192 1217 1370
649 904 1072 1081 1191 1192 1217 1370 1509
649 904 1072 1081 1191 1192 1361 1370 1509
651 1069 1260 1442 1643 1729 1763
651 1442 1530 1643 1684 1729 1763 1932
65 1233 1255 1341 1655
65 1233 1255 1341 1709
65 1255 1341 1655 1709
6 52 60 64 107
6 52 60 64 134
6 52 64 107 144
65 371 1091 1164 1233 1255 1341 1741 2025
656 1669 1723 1798 1952
656 1669 1798 1892 1952
66 293 1258 1306 1466
66 95 267 293 792 860 992 1079 1097 1147 1258 1262 1306
67 164 1176 1277 1481 1606 1758 2034
67 164 251 1277 1481 1758
67 164 251 502 1758
679 1002 1015 1281 1472 1607 1683 1735
679 963 1002 1015 1472 1607 1683
68 305 492 655 751
691 944 1119 1322 1458
69 389 452 456 620 677
69 389 456 620 677 978
70 1088 1149 1491 2071
702 1035 1061 1342 1425 1661 1954
711 727 731 1434 1453
711 727 731 815 1453
711 727 815 898 1453
711 727 815 898 907 939 957 1317
7 141 169 284 524 610 619 635 938 1955
7 141 169 303 449 524 610 619 635 1031 1132 1344 1955
7 141 169 303 449 524 610 619 635 802 1031 1132 1344
719 727 731 1434 1453
72 102 181 202 205 232 279 603 795 1231
73 368 809 1551 1555 1620 1645
73 809 1551 1555 1620 1645 1855 1858
743 974 1006 1174 1572
746 1076 1223 1275 1310 1495 1632 1710
746 749 830 1076 1160 1223 1275 1310 1495 1632
746 749 830 913 917 1076 1160 1223 1275 1310 1495
746 830 1076 1223 1310 1495 1632 1710
75 190 489 583 713 854 902 1056 1125 1537
75 489 583 854 902 1056 1125 1537 1975 2066
75 583 713 854 902 1056 1125 1537 1975
757 804 878 1214 1362
75 854 902 1056 1125 1537 1975 1982 2066
758 761 813 852 901 948 953 1024 1336 1376 1378 1381 1528
758 761 901 948 953 1024 1092 1326 1376 1378 1381 1528
758 761 901 948 953 1024 1326 1336 1376 1378 1381 1528
758 813 901 948 953 1024 1326 1336 1376 1378 1381 1528
758 901 948 1024 1092 1326 1376 1378 1381 1528 1602
758 901 948 1024 1092 1326 1378 1528 1602 1796
75 89 123 153 190 222 489 583 587 713 831 849 902
75 89 123 153 190 222 489 583 587 713 849 854 902 1056
75 89 123 153 190 489 583 587 713 854 902 1056 1125
75 89 123 190 222 489 583 587 713 831 849 854 902
75 89 123 190 489 583 587 713 849 854 902 1056 1125
76 152 165 236 454
76 152 165 236 547 654 1074 1184
76 152 165 236 843 1184 1371 1405
769 794 1161 1368 1789 1826
770 857 1400 1812 1929
77 200 225 314 329 387 420 612 637
775 880 1242 1299 1316 1334 1497
785 791 841 887 935
785 841 873 887 935 967 1109
785 873 935 967 1109 1870
788 1168 1180 1348 1399 1557
79 255 295 335 835 1016 1054
79 295 495 835 1016
79 495 715 787 1016
79 495 715 835 1016
80 130 198 438 544 805 840 876 882 925
80 130 438 544 805 840 876 882 925 1044
80 146 544 876 882 925 1044 1077
810 814 1130 1244 1315 1824
811 945 1034 1045 1046 1318
8 133 252 550 556 582 833
8 133 532 550 556 582 833
813 852 1116 1336 1381
815 898 907 939 957 1317 1329 1365
836 1012 1144 1181 1251 1276 1387
844 888 926 954 1027 1200 1215 1237 1490
8 45 48 122 133 143 532 582
8 45 48 122 143 197 532 582
8 48 133 532 550 582 833
850 1127 1171 1513 1518 1772
85 91 527 563 593 899
88 260 488 495 525 858
88 260 488 525 1204 1248
88 260 488 525 858 1204
88 488 495 525 858 1204
88 488 525 858 1204 1248
88 525 1204 1248 1990
888 954 1027 1200 1212 1215 1237 1490 1568 1579
890 1112 1891 1916 2064
890 1891 1916 2015 2064
895 1007 1053 1111 1206 1331 1398
895 1007 1053 1111 1331 1398 1419
898 907 939 957 1317 1329 1365 1374 1461
90 874 1017 1208 1230 1278 1280 1383
9 19 214 313 803
9 19 30 104 120 140 149 185 214 280
9 19 30 104 214 313
920 1069 1102 1227 1260 1643
92 633 1011 1881 2009
9 313 318 486 803
94 211 282 515 1422
944 1119 1322 1458 1704
944 1322 1458 1704 1774
95 267 792 860 921 992 1079 1097 1147 1262 1306
95 267 792 921 992 1079 1097 1147 1193 1262
989 1003 1089 1138 1210 1288 1392 1526
99 150 460 491 511 675
