179 242 265 427 653
360 1554 1851 1930 2093
360 1032 1554 1851 1930
7 141 169 303 449 524 610 619 635 802 1031 1132 1344
246 1291 1494 1587 1720 1750 2001
283 375 457 613 955 1118
283 457 542 555 613 955 1345
283 400 457 542 555 955 1345
283 375 613 1118 1573
283 375 457 542 613 955
482 619 670 764 938 1955
141 284 619 764 938 1955
13 609 641 778 867 1026 2004
13 609 641 778 867 1026 1152
284 482 619 764 938 1955
272 284 450 482 670 764 938
284 482 670 764 938 1955
7 141 169 303 449 524 610 619 635 1031 1132 1344 1955
431 868 869 910 961 1108 1304
431 828 868 869 910 961 1108
13 609 641 867 1581 2004
656 1669 1723 1798 1952
656 1669 1798 1892 1952
43 227 1078 1145 1603
303 449 802 1031 1068 1132 1294 1344
7 141 169 284 524 610 619 635 938 1955
1259 1328 1795 1807 1965
17 118 124 178 199 327 625 1151
138 706 977 1084 1090 1726
138 354 359 806 1084 1090
17 118 199 327 625 842 1469
17 118 178 199 327 625 1469
496 706 936 977 1726
1101 1153 1196 1202 1238 1297 1540
1061 1342 1425 1584 1611 1661 1837 1847
1035 1061 1342 1425 1584 1661 1954
1035 1061 1342 1425 1584 1611 1661
1061 1342 1425 1584 1611 1661 1847 1954
702 1035 1061 1342 1425 1661 1954
575 622 702 1035 1061 1425 1954
1358 1451 1498 1570 1700 1746
428 573 661 683 965 1043 1236 1343
243 322 428 573 661 683 965
243 428 573 661 683 965 1043 1236
49 422 471 533 1098
88 525 1204 1248 1990
88 488 495 525 858 1204
260 488 495 715 858
88 260 488 495 525 858
88 260 488 525 1204 1248
88 260 488 525 858 1204
88 488 525 858 1204 1248
488 495 525 858 1204 1248
1359 1660 1663 1793 1943 1962
247 411 598 735 739
488 495 715 787 858
208 285 417 564 1203 1225 1289 1384
285 417 564 1203 1225 1289 1384 1506 1552
417 1203 1225 1289 1384 1506 1552 1890 1941
208 285 512 564 1203 1225 1289
746 1076 1223 1275 1310 1495 1632 1710
322 573 661 683 965 1343
208 285 422 471 512 564
208 285 379 512 564 821
79 295 495 835 1016
295 835 1047 1054 1624
79 255 295 335 835 1016 1054
255 295 835 1047 1054
525 1204 1248 1646 1990
208 285 379 422 512 564
208 285 379 391 440 518 564 821
391 440 518 604 1444
488 495 525 715 858
79 495 715 787 1016
468 672 933 976 980
79 495 715 835 1016
895 1007 1053 1111 1206 1331 1398
519 724 762 1064 1177
466 499 519 724 762 1064
69 389 456 620 677 978
69 389 452 456 620 677
895 1007 1053 1111 1331 1398 1419
547 654 1074 1184 1456
76 152 165 236 843 1184 1371 1405
76 152 165 236 547 654 1074 1184
76 152 165 236 454
152 165 236 266 843 1074 1184 1371 1405 1667
152 165 236 454 843 1371 1405 1667
456 677 978 1373 1769
312 721 740 1206 1672 2041
1009 1195 1218 1302 1671 1734
261 266 363 520 589 1009 1195 1218
261 363 520 589 1009 1195 1218 1302
261 266 363 589 1074 1184 1508
261 266 363 520 589 843 1074 1184 1371 1405 1667
261 266 363 520 589 1009 1074 1508
520 589 1009 1195 1218 1302 1671
811 945 1034 1045 1046 1318
1424 1428 1485 1619 1670
1424 1428 1485 1619 1665
206 325 426 455 477 1389
38 325 426 470 1380 1389
594 695 709 767 952 991 1052
594 695 767 839 952 991 1052
1104 1228 1239 1290 1338 1388 1870
1104 1228 1239 1290 1338 1388 1421 1744
72 102 181 202 205 232 279 603 795 1231
44 72 100 142 181 205 240 401 603 795 1900
785 841 873 887 935 967 1109
44 72 102 142 181 205 232 240 279 401 603 795
102 202 232 279 730 1231
44 72 102 142 181 202 205 232 240 279 603 795
352 767 839 952 991 1052
352 839 987 1209 1629 1678 1856
264 987 1209 1629 1678 1856 1888 1995
352 767 839 987 1052 1209
352 839 987 1052 1209 1629 1678
315 350 358 439 692 791 887
258 315 350 358 406 436 439 692
258 315 350 358 439 692 791
1104 1228 1239 1290 1463 1870
1104 1228 1239 1290 1388 1463 1744
775 880 1242 1299 1316 1334 1497
287 1586 1654 1740 1754 1854
711 727 731 815 1453
711 727 815 898 907 939 957 1317
711 727 731 1434 1453
719 727 731 1434 1453
898 907 939 957 1317 1329 1365 1374 1461
815 898 907 939 957 1317 1329 1365
711 727 815 898 1453
220 418 866 1250 1450 2040
435 719 731 1221 1434 1453
94 211 282 515 1422
1317 1329 1365 1374 1461 1762
44 100 142 181 240 401 603 795 1616 1900
785 873 935 967 1109 1870
264 480 1856 1888 1995
26 264 480 1888 1995 1998
439 785 791 841 887
785 791 841 887 935
358 439 791 841 887
264 352 987 1209 1629 1678 1856
117 331 581 789 1066 1356
117 331 581 789 850 1171
331 850 1066 1127 1171
117 331 789 850 1066 1171
746 830 1076 1223 1310 1495 1632 1710
39 1538 1618 1628 1630 1696 1721
746 749 830 913 917 1076 1160 1223 1275 1310 1495
746 749 830 1076 1160 1223 1275 1310 1495 1632
1567 1583 1614 1730 1848 1972
1567 1575 1583 1614 1730 1757
18 983 1117 1220 1293
269 746 749 830 913 917 1076 1160 1223 1275 1310
269 305 746 749 830 913 917 1076 1160 1275
269 305 746 749 830 913 917 1076 1160 1223
68 305 492 655 751
850 1127 1171 1513 1518 1772
600 1120 1268 1412 1478 1575 1757
600 1575 1614 1730 1757
248 1120 1136 1268 1412 1478
600 1478 1575 1614 1757
117 331 581 789 850 1066
47 61 624 640 801 924 1406
2 10 61 373 639 640 801 924 979 1197 1441 1449 1561 1658
47 61 469 624 640 1406
2 10 47 61 373 639 640 801 924 979 1197 1441 1449 1561
47 61 624 639 640 801 924 979
2 10 373 639 640 801 924 979 1197 1441 1449 1561 1656 1658
172 722 1133 1273 1287 1517 1547 1766
172 722 956 1133 1273 1287 1517 1547
117 581 789 850 1127 1171
11 127 647 798 851 908 970 975
127 554 647 798 851 908 970 975
11 248 851 908 970 975 1136
11 248 970 975 1120 1136 1268
600 1120 1136 1268 1412 1478 1575
11 248 798 851 908 970 975
228 254 799 922 1000
355 521 595 638 682 688 774 799 922
75 89 123 153 190 222 489 583 587 713 831 849 902
75 89 123 190 489 583 587 713 849 854 902 1056 1125
123 153 190 222 587 1727
219 508 536 687 832 932
219 508 687 832 932 1320
33 268 832 932 1320 1701 1771 1836 1879
33 508 687 832 932 1320 1701
60 83 134 234 309
75 89 123 153 190 489 583 587 713 854 902 1056 1125
75 89 123 153 190 222 489 583 587 713 849 854 902 1056
75 489 583 854 902 1056 1125 1537 1975 2066
75 190 489 583 713 854 902 1056 1125 1537
75 583 713 854 902 1056 1125 1537 1975
49 533 1098 1820 2005
75 89 123 190 222 489 583 587 713 831 849 854 902
33 268 1320 1701 1771 1836 1879 2052
99 150 460 491 511 675
5 99 150 259 460
6 52 64 107 144
5 6 20 52 64 107 259 289
60 64 83 134 144 234
6 52 60 64 107
404 755 937 1039 1410
231 367 453 614 1439
231 453 614 968 1075 1247 1857 1868
231 367 453 614 968 1075 1247
1224 1340 1535 1781 1922
1 382 1301 1438 1488 1519
1 92 633 1488 1881 2009
1 92 382 633 1438 1488 1881
1 92 382 1301 1438 1488 1881 2009
1 54 209 257 382 633
1 92 382 633 1301 1438 1488
92 633 1011 1881 2009
1 54 209 382 1519
1 92 633 1011 1881
41 54 125 191 209 257 336 485 548 685 744
1 92 209 382 633
41 51 54 125 191 257 336 485 548 685 744
1056 1125 1537 1975 1982 2051 2066
75 854 902 1056 1125 1537 1975 1982 2066
349 385 712 780 846
41 51 125 191 257 336 485 490 548 685 744 1305
54 125 209 257 382
41 51 125 191 336 485 490 548 685 744 1305 1819
51 485 490 744 1093 1305 1819
3 127 554 647 1187
6 52 60 64 134
1092 1528 1602 1796 1829
162 484 754 1087 1563
24 40 162 484 636 818 1163 1286
40 162 484 754 818 1087 1163
40 162 484 818 1087 1163 1286
578 761 948 953 1376 1378 1381
578 761 948 953 1336 1376 1381
758 901 948 1024 1092 1326 1378 1528 1602 1796
758 813 901 948 953 1024 1326 1336 1376 1378 1381 1528
758 761 901 948 953 1024 1326 1336 1376 1378 1381 1528
758 901 948 1024 1092 1326 1376 1378 1381 1528 1602
758 761 901 948 953 1024 1092 1326 1376 1378 1381 1528
70 1088 1149 1491 2071
1559 1599 1685 1728 1739 1830
1069 1102 1227 1260 1442 1643
1069 1102 1260 1442 1643 1729
920 1069 1102 1227 1260 1643
651 1069 1260 1442 1643 1729 1763
300 1314 1327 1354 1375 1417 1465 1549 1559 1599 1685 1728 1739
300 1314 1327 1354 1375 1417 1465 1466 1549 1599
337 498 578 611 760 761
337 392 498 578 611 615 760 808
651 1442 1530 1643 1684 1729 1763 1932
813 852 1116 1336 1381
32 82 98 249 290 317 334 351 356 365 369 377 652 1150
32 50 82 98 249 290 317 334 351 356 365 369 377 652 686
758 761 813 852 901 948 953 1024 1336 1376 1378 1381 1528
578 761 852 953 1336 1376 1381
578 760 761 953 1336 1376 1381
66 95 267 293 792 860 992 1079 1097 1147 1258 1262 1306
66 293 1258 1306 1466
32 50 82 249 290 317 351 365 369 377 592 652 686
32 50 249 290 317 351 365 369 377 652 666 686
32 50 82 249 290 317 365 369 377 592 652 666 686
32 50 82 98 249 290 317 351 356 365 369 377 652 1150
578 611 760 761 1336
578 760 761 852 953 1336
498 578 611 760 1336
498 578 611 760 761 953
95 267 792 860 921 992 1079 1097 1147 1262 1306
95 267 792 921 992 1079 1097 1147 1193 1262
402 941 1080 1107 1122
429 941 1107 1122 1154
187 223 402 1080 1122
163 421 576 577 590 915 1005 1261
218 1146 1156 1169 1274 1504 1510
1448 1548 1578 1582 1707 1797
1448 1487 1548 1578 1582 1707
1776 1914 1973 1996 2031
263 881 1028 1483 1732
291 316 342 441 448 546 666 737
291 316 342 448 535 737 1337
291 316 342 441 448 666 674 737
342 546 718 737 1337
189 291 316 448 535 737 1337
291 316 342 441 546 666 718 737
189 291 316 441 448 535 650 674 737
189 291 316 342 441 448 535 674 737
46 189 291 316 448 535 650 674 737 861 903 1048
15 237 807 848 893 900 969 1129
90 874 1017 1208 1230 1278 1280 1383
187 402 1080 1107 1122
788 1168 1180 1348 1399 1557
1562 1651 1831 1865 1937
475 586 1432 1460 1598 1635
586 769 1432 1598 1826
429 941 1107 1154 1484
32 50 249 365 369 377 441 546 592 666 686 718
342 441 546 592 666 686 718 737
32 50 342 365 377 441 546 592 666 686 718
263 500 1028 1158 1483 1492 1732
388 617 765 1185 2099
577 590 915 1005 1939
163 421 576 1261 1634 1784 1808
769 794 1161 1368 1789 1826
586 769 1432 1460 1598
691 944 1119 1322 1458
34 105 244 302 318 486 689 1716 1832
16 34 105 244 302 313 486 689 1716 1832
16 34 105 244 302 384 689 1716 1832 2046
16 34 105 244 302 384 486 689 1716 1832
314 420 463 612 943 1612 1841
122 143 197 432 2046
432 782 859 1042 1059 2046
8 133 532 550 556 582 833
252 552 556 793 919 931 962 999 1041 1110
133 252 550 552 556 582 833 931
552 793 919 962 999 1020 1041 1110 1482
9 19 214 313 803
34 244 384 782 859 1716 1832 2046
34 244 302 384 782 1716 1832 2046
9 19 30 104 120 140 149 185 214 280
9 19 30 104 214 313
105 244 302 313 318 486 689 1716 1832
409 803 1179 1407 1589 1610
409 1179 1407 1589 1610 1676 1715 1778
313 318 409 486 803
16 34 105 244 302 384 689 958 1190 1423 1716 1832
16 34 105 244 302 384 914 958 1716 1832 2046
16 34 105 244 302 384 914 958 1190 1423
16 34 105 244 302 384 689 914 958 1190 1716 1832
28 36 77 159 225 324 329 451 909
77 200 225 314 329 387 420 612 637
36 77 200 225 314 329 387 612 637
36 77 159 225 314 329 387 612
36 77 159 225 324 329 387 612
28 36 77 159 324 329 451 884 909 1008
28 36 77 159 225 324 329 387
252 550 552 556 793 833 919 931 962 1041 1110
8 133 252 550 556 582 833
252 552 793 919 931 962 999 1020 1041 1110
34 244 782 859 1042 1716 1832 2046
34 432 782 859 1042 1716 1832 2046
9 313 318 486 803
1179 1407 1589 1610 1676 1715 1778 2059
1159 1367 1420 1475 1489 1546 1571 1615 1631 1637
8 48 133 532 550 582 833
45 48 122 143 197 432
8 45 48 122 143 197 532 582
133 252 550 552 556 793 833 931 962 1041 1110
8 45 48 122 133 143 532 582
1475 1489 1571 1615 1631 1637 1927
944 1119 1322 1458 1704
944 1322 1458 1704 1774
314 387 420 463 612 943
447 571 703 756 800 998 1001
566 694 982 996 1382
370 566 694 982 996
67 164 251 1277 1481 1758
235 253 1176 1277 1481 1606 1708 2034
370 566 571 694 1001
370 566 571 703 998 1001
116 383 442 458 487 707 1657
116 370 383 442 566 707 982
67 164 251 502 1758
67 164 1176 1277 1481 1606 1758 2034
164 251 502 1758 2076
770 857 1400 1812 1929
184 871 1105 1131 1312 1351
137 733 1128 1415 1673 1788
414 444 770 857 1400 1812
414 444 770 857 1415 1788
275 294 665 710 723 776 993
217 294 665 710 723 776 993
330 1240 1626 1934 1959 1963 2007 2053
135 738 879 896 930
137 503 733 1128 1364 1556 1673
1085 1201 1597 1601 1699 1827
1085 1201 1269 1699 1827
106 137 503 516 1364 1390 1556 1731 2055 2069
132 147 434 570 678 768
106 132 147 434 516 570 768 1390 1731 2055 2069
629 1051 1240 1626 1674 1934 1959 1963 2033 2053
330 1240 1682 1803 1934 2007
330 1051 1240 1626 1674 1934 1959 1963 2033 2053
1201 1597 1601 1680 1699 1827
106 137 503 733 1364 1390 1556 2055
332 530 543 681 1395 1409
679 963 1002 1015 1472 1607 1683
531 679 963 1002 1015 1464
679 1002 1015 1281 1472 1607 1683 1735
989 1003 1089 1138 1210 1288 1392 1526
531 679 779 863 963 1002 1464
531 863 963 1418 1464
531 679 963 1002 1015 1607 1683
330 1240 1682 1934 1959 1963 2007 2053
1361 1509 1659 1764 1768
238 372 786 1029 1095
238 372 786 906 1095
608 734 844 872 888 926 1027 1200
608 734 844 888 926 954 1027 1200
80 130 438 544 805 840 876 882 925 1044
198 278 438 805 897 1512
23 80 146 544 876 882 1044 1062 1077 1143
198 278 805 897 1298 1512
80 130 198 438 544 805 840 876 882 925
278 897 949 1298 1512
130 198 278 438 805 840 876 925
130 198 278 438 805 840 925 1512
888 954 1027 1200 1212 1215 1237 1490 1568 1579
1212 1237 1490 1568 1579 1648 1681
23 84 111 146 1036 1044 1062 1077 1143 1401
649 904 1072 1081 1191 1192 1361 1370 1509
347 838 904 1072 1081 1191 1192 1217 1249
649 904 1072 1081 1191 1192 1217 1370 1509
649 1361 1370 1509 1659
419 608 734 872 926
649 838 904 1072 1081 1191 1192 1217 1370
345 565 1037 1257 1648 1874 1898 1901 1961
345 1037 1648 1681 1898 1901
345 1212 1568 1579 1648 1681
23 80 146 544 1036 1044 1062 1077 1143
80 146 544 876 882 925 1044 1077
23 80 146 1036 1044 1062 1077 1143 1401
23 80 146 882 1036 1044 1062 1077 1143
844 888 926 954 1027 1200 1215 1237 1490
1200 1212 1237 1490 1568 1579 1681
608 844 888 926 954 1027 1200 1215
757 804 878 1214 1362
115 180 204 239 398 483 616 627 659 1086
175 262 301 572 659 680 853 981
288 1232 1308 1427 1499 1514
1436 1822 1895 1897 2016
1436 1687 1693 1822 1895 1897
1183 1313 1514 1756 1814 2039
115 175 180 204 239 398 483 627 659 817 1086
65 1255 1341 1655 1709
65 1233 1255 1341 1709
65 1233 1255 1341 1655
65 371 1091 1164 1233 1255 1341 1741 2025
115 175 180 204 239 262 398 483 627 659 817 1835
301 425 572 812 1574
115 175 204 239 262 483 538 659 817 981 1835
115 175 262 301 572 659 817 853 981
115 175 204 262 301 483 538 572 659 817 981 1835
262 301 425 572 680
115 175 204 262 301 425 538 572 659 812 817 981 1835
371 728 757 1741 2025
1313 1499 1514 1814 2039
616 742 877 1086 1270 1426
180 239 398 616 627 742 1086 1270 1426
194 348 374 940 1164
35 126 430 823 825 845 1226 1500 1565 1585
481 892 1025 1055 1071 1096 1199 1296 1691
481 892 1025 1055 1071 1096 1141 1199 1296
890 1112 1891 1916 2064
321 720 824 890 1112 1891 1916
109 176 408 618 621 664 988 1063 1173 1216
176 621 664 988 1063 1173 1216 1553
194 250 348 374 940
145 875 986 1049 1352
321 504 700 1112 1647
4 346 1012 1067 1181 1276
481 892 1025 1055 1067 1071 1141 1296
4 1012 1144 1181 1251 1276
4 346 481 892 1067 1071 1141
201 292 561 591 606 790 894 1094 1175 1207 1330 1391
201 292 561 591 606 790 894 1094 1175 1263 1330 1391
292 591 1175 1207 1706
836 1012 1144 1181 1251 1276 1387
890 1891 1916 2015 2064
145 747 845 947 1018
145 875 986 1049 1437 1462
371 728 1091 1164 1233 1255 1341 1741 2025
462 747 947 1018 1352
145 747 947 1018 1352
193 321 504 697 700 720 824 890 1112 1137 1311 1891
346 481 892 1025 1055 1067 1071 1141
522 602 750 927 1030 1060 1271 1347
158 540 816 864 1073
103 368 493 1050 1283
103 158 540 816 1073
368 493 809 1551 1620
103 493 540 1050 1073 1283
368 493 1283 1551 1620
42 81 630 942 995 1386 1533
42 55 81 177 630 942 995 1386
42 55 81 630 942 1386 1592
182 296 494 541 736 1668
108 113 339 646 1369 1533
108 113 182 296 339 394 459 494 541 646 736
108 113 182 339 394 459 646 1369
108 113 1369 1386 1533
108 113 459 646 1369 1386
42 81 630 1369 1386 1533
12 59 119 158 196 631 773 819 864
12 196 631 773 819 1222
103 540 816 1050 1073 1283
501 522 602 750 883 927 1030 1123
522 927 1060 1267 1271 1300 1347 1397 1404 1455
274 1222 1272 1686 1697 1737
522 602 927 1030 1060 1267 1271 1300 1347 1404
73 809 1551 1555 1620 1645 1855 1858
73 368 809 1551 1555 1620 1645
183 192 361 424 529 1070
461 1413 1529 1531 1543
810 814 1130 1244 1315 1824
273 343 1100 1205 1353 1703
22 63 445 585 648 658 763
215 229 299 341 362 405 445 585 1244
273 743 834 1006 1174 1205 1572 1703
273 743 834 1006 1100 1174 1205 1703
743 974 1006 1174 1572
273 834 1100 1205 1353 1703
22 63 215 229 299 341 362 405 445 585 648 658
362 814 1130 1244 1824
461 1166 1229 1285 1413 1531 1543
112 605 886 966 1010 1134 1166 1229 1285
112 461 886 1010 1134 1166 1229 1285
397 467 478 527 551
338 386 397 446 467 478 551 588
121 478 527 563 593 899
25 91 121 708 759 1431
25 91 121 527 563 593 708 899 1431
85 91 527 563 593 899
139 297 366 497 558 605 607 668 886 966
139 174 226 297 357 366 497 558 605 607 668 966
112 139 297 605 607 886 966 1010
174 226 357 366 497 668 1038
139 297 497 605 607 886 966 1010
112 605 607 886 966 1010 1134
