0, 7, 10131 12406 13072
0, 7, 10148 11420 13071 18213
0, 7, 10153 10521 17624 18995
0, 7, 10168 12261 14545
0, 7, 102 7006 8740 14556
0, 7, 1022 16667 18513
0, 7, 10227 17671 17857
0, 7, 10256 12606 15999
0, 7, 10319 12211 14529 16605
0, 7, 10378 10569 13937 18843
0, 7, 1038 13193 15031
0, 7, 10397 10693 15771
0, 7, 10397 10693 19388
0, 7, 1046 10917 19436
0, 7, 10475 14188 14264
0, 7, 105 8359 13539
0, 7, 10518 14401 19020
0, 7, 10521 16791 18995
0, 7, 1059 14434 15363
0, 7, 1061 7516 10952
0, 7, 10637 14776 16572
0, 7, 1073 1713 11324
0, 7, 10789 14609 18664
0, 7, 10875 12782 16049
0, 7, 10902 11509 13746 14130
0, 7, 10935 18104 18343
0, 7, 10949 11899 14848
0, 7, 1098 5432 12675
0, 7, 1099 11797 13110
0, 7, 11008 14349 14997
0, 7, 11030 13025 15656
0, 7, 11121 11246 12647
0, 7, 11179 12500 13716 15034
0, 7, 11179 12500 14981
0, 7, 1122 3202 4136
0, 7, 11235 13884 14886
0, 7, 1128 8151 11385
0, 7, 11288 11777 14859
0, 7, 11297 12712 19032
0, 7, 11297 15162 19032
0, 7, 1132 11616 15685
0, 7, 11327 13295 16207
0, 7, 11352 13569 18813
0, 7, 11355 14919 16609
0, 7, 11401 15165 18527
0, 7, 1141 3803 11738
0, 7, 1141 3803 6776
0, 7, 1142 1530 3413
0, 7, 11451 14865 14966 15411 16000
0, 7, 11578 11774 12063 12271 14290 17465 17693 17731
0, 7, 1162 7613 13796 15888 16344
0, 7, 11697 12922 18182
0, 7, 11736 17959 18077
0, 7, 11746 11901 19406
0, 7, 11797 13110 14168
0, 7, 1180 2043 4988
0, 7, 11800 14772 16791 17129 17726
0, 7, 11838 13110 14168
0, 7, 1187 3525 5281 8667 15606
0, 7, 11891 14365 17888
0, 7, 11900 13560 15138
0, 7, 1209 1586 7258
0, 7, 12126 15225 15845
0, 7, 12141 16192 19496
0, 7, 12172 12305 19499
0, 7, 12179 13228 14254
0, 7, 12383 15461 16763
0, 7, 1245 9599 17130
0, 7, 1252 12206 12285
0, 7, 12585 18222 19464
0, 7, 1261 1498 6997 18680
0, 7, 12679 15517 19413
0, 7, 12797 12952 13998
0, 7, 12806 13059 19108
0, 7, 12824 15123 18786
0, 7, 1286 16726 17943
0, 7, 1296 6524 10187
0, 7, 13121 13771 16176
0, 7, 1324 2118 19233
0, 7, 13357 15654 16715
0, 7, 13381 14342 17941
0, 7, 1346 5438 5891
0, 7, 13537 14404 16724
0, 7, 13612 15048 19210
0, 7, 13626 13742 16169 18464
0, 7, 13688 18115 19105
0, 7, 13694 17655 19254
0, 7, 13736 13770 19142
0, 7, 1384 18088 19160
0, 7, 13866 15059 17517
0, 7, 13949 15157 18422
0, 7, 1400 7249 16699
0, 7, 1406 2773 12256
0, 7, 14138 16479 18921
0, 7, 1414 2537 12483 18732 18898
0, 7, 14197 15380 15913
0, 7, 142 1204 2778 9945
0, 7, 142 824 2778
0, 7, 14434 15363 17046
0, 7, 14549 17434 19471
0, 7, 14657 15971 16197
0, 7, 14757 15048 19210
0, 7, 148 1123 10880
0, 7, 1488 3366 5548
0, 7, 14946 16223 18913
0, 7, 1499 6284 17800
0, 7, 15016 16452 18263
0, 7, 1506 2781 4889
0, 7, 1507 7961 8495
0, 7, 15077 15690 15926
0, 7, 15085 16780 19456
0, 7, 15086 17402 19026
0, 7, 153 2062 12811
0, 7, 1536 2801 4659
0, 7, 15412 15898 19148
0, 7, 15529 15642 16060 16066
0, 7, 1570 2218 6996 13301
0, 7, 1570 3863 13301
0, 7, 15701 17669 18179
0, 7, 1575 7520 9310 11714
0, 7, 1582 7122 9718
0, 7, 1587 2151 2874 18967
0, 7, 1599 4177 15146
0, 7, 1604 3658 10153
0, 7, 1610 12560 14165 18344
0, 7, 1615 6814 14381
0, 7, 16236 17120 17647
0, 7, 1640 3211 4394 7351 17230
0, 7, 1642 9351 17917
0, 7, 1646 6364 7062 12245
0, 7, 1646 7062 12245 13504
0, 7, 1655 8082 13752
0, 7, 167 881 9173
0, 7, 16778 17067 18176
0, 7, 16791 17726 18995
0, 7, 1691 6031 14491
0, 7, 1696 5381 6563 16706
0, 7, 1702 3499 15184
0, 7, 1725 6381 14394
0, 7, 17573 17859 19048
0, 7, 17622 18104 18343
0, 7, 1765 10697 11451 14865 14966 16000
0, 7, 1772 5990 11600
0, 7, 1824 3518 3781
0, 7, 1824 3781 14679
0, 7, 1839 11036 18142
0, 7, 1846 5198 17275
0, 7, 1846 5198 6332
0, 7, 1851 4105 10883 18354
0, 7, 1863 7790 11969 16978
0, 7, 1883 3433 11089
0, 7, 189 14294 18001
0, 7, 1890 6414 12845 13016
0, 7, 1891 8502 18347
0, 7, 1906 4441 11068
0, 7, 1907 5500 18628
0, 7, 1911 4288 11907
0, 7, 196 1111 15188
0, 7, 1960 2479 8553
0, 7, 1967 7188 10312
0, 7, 197 2937 18051
0, 7, 1983 2590 13271
0, 7, 1985 4739 12334
0, 7, 2003 3020 3078 5733 13044 16325 16790
0, 7, 2003 3078 5733 13044 14264 16325 16790
0, 7, 2015 12346 18726
0, 7, 2016 12131 18736
0, 7, 2025 6214 6581
0, 7, 2029 12976 13667
0, 7, 2033 4736 7171
0, 7, 2037 3567 4308 6774 9830
0, 7, 2069 7288 10553 13112 13493
0, 7, 2083 8301 19479
0, 7, 2085 4770 11137
0, 7, 2087 2450 3749 5424
0, 7, 2095 3078 5733
0, 7, 2109 6736 10499 14335
0, 7, 2109 6736 10499 17191
0, 7, 211 604 2500
0, 7, 2111 13200 13663
0, 7, 2116 11030 13025
0, 7, 2116 11030 15656
0, 7, 2127 2579 12197
0, 7, 2127 2579 12868
0, 7, 2127 3158 4574 5032 6691 7530 12197
0, 7, 2139 4916 19085
0, 7, 2139 4916 5572
0, 7, 2186 4786 6153 14111
0, 7, 2192 6833 10456
0, 7, 2194 9494 10203 17763
0, 7, 2201 6070 8151 11385
0, 7, 2218 15314 17537 17607
0, 7, 2218 6996 15314
0, 7, 2222 3555 19349
0, 7, 2244 9904 15582
0, 7, 2245 9698 15194
0, 7, 2261 2729 5285
0, 7, 2294 8184 13077
0, 7, 2294 8184 8658
0, 7, 2332 12308 16666
0, 7, 2360 9829 17039
0, 7, 2397 9813 12570
0, 7, 2404 6172 14522
0, 7, 2492 8125 16337
0, 7, 2510 5395 16091
0, 7, 2510 5395 16881
0, 7, 2514 8895 9054
0, 7, 2514 9054 17166
0, 7, 2537 12483 15880 18732 18898
0, 7, 2537 8997 12483 15880 18732
0, 7, 2540 2899 6864 8444
0, 7, 2546 4470 15316
0, 7, 2595 3338 7190
0, 7, 2632 14890 18428
0, 7, 265 4910 13698
0, 7, 268 6703 16463
0, 7, 2696 3704 3711
0, 7, 2712 15802 17195
0, 7, 2713 3863 13301
0, 7, 2723 11726 13973
0, 7, 2723 11726 15762
0, 7, 2723 13973 14869
0, 7, 2723 13973 15762
0, 7, 2750 3388 6298
0, 7, 2783 8741 9805 15033 16641 19387
0, 7, 2783 8741 9805 16240 16641 19387
0, 7, 2783 9081 14650 15033 19387
0, 7, 2783 9805 15033 16641 16849 19387
0, 7, 2830 12549 16119
0, 7, 2840 3514 17893
0, 7, 2841 6964 7636
0, 7, 2843 4977 5709
0, 7, 2861 3422 17672
0, 7, 2895 8858 9801
0, 7, 2932 7749 11244
0, 7, 2948 5240 6554 17094
0, 7, 297 2122 2224 13909
0, 7, 2984 8248 14554
0, 7, 3015 3796 5453 13420
0, 7, 3027 10830 18399
0, 7, 3054 4404 4676 12378
0, 7, 3062 13551 15908 18028
0, 7, 3094 5045 7773 10680
0, 7, 3140 3297 16178
0, 7, 3215 5434 10475 14188
0, 7, 3215 5434 8741
0, 7, 3215 8741 9805 16641
0, 7, 3216 15908 18028
0, 7, 322 1282 2881 11471
0, 7, 3223 4684 12512 12835 14044
0, 7, 325 3296 15356
0, 7, 3271 4284 18778
0, 7, 3272 15363 17046
0, 7, 3275 7220 15401
0, 7, 3275 7220 18612
0, 7, 3280 3308 5888
0, 7, 3288 4424 6155 11662 18912
0, 7, 329 1604 3640 11764
0, 7, 329 3640 4202 11838 14168 17544
0, 7, 329 3640 9416 11764
0, 7, 329 3640 9416 17544
0, 7, 329 9416 19277
0, 7, 3311 10879 13851
0, 7, 3366 3473 5548 18648
0, 7, 337 4701 15329
0, 7, 3403 17633 19316
0, 7, 3407 7810 8461
0, 7, 3417 10794 17542 18746
0, 7, 342 3366 5548
0, 7, 3430 13772 14580
0, 7, 347 3509 16797
0, 7, 348 9344 14201
0, 7, 3495 4627 8885 11039 16655
0, 7, 3506 10834 16588 17855
0, 7, 3512 6337 12427 13537 14404 16044
0, 7, 3512 6337 7783 12427 14404 16044 16714
0, 7, 3514 13069 17893
0, 7, 3521 8214 9468
0, 7, 3541 4860 17314
0, 7, 3543 4697 5140 10328
0, 7, 3620 5750 16463
0, 7, 3620 5750 8134 8609 18063 18265
0, 7, 3620 8219 16463
0, 7, 3620 8219 16765
0, 7, 3620 8219 18063
0, 7, 3638 6257 12342 14227
0, 7, 3638 6257 9497
0, 7, 3658 10153 17624
0, 7, 3675 4656 10501 10984
0, 7, 3685 12233 16999
0, 7, 3688 7847 12916
0, 7, 3713 3763 11561
0, 7, 3720 10591 17908 18311
0, 7, 374 5581 7492
0, 7, 3780 6044 7495
0, 7, 3796 5453 7240
0, 7, 3798 14090 18271
0, 7, 3866 8688 11523
0, 7, 3866 8688 16766
0, 7, 387 2783 9805 15033 16849 19387
0, 7, 3899 16179 16310
0, 7, 3904 6624 8298 10275
0, 7, 392 11299 18683
0, 7, 3926 5355 14599 18049
0, 7, 3926 5355 5876 14599
0, 7, 3932 7455 7854 15853
0, 7, 3936 9429 9487
0, 7, 3962 4404 4676 12378
0, 7, 3987 9532 11496
0, 7, 4006 4662 6767 8687
0, 7, 4034 4923 5694 10120
0, 7, 4034 4923 5694 14403
0, 7, 407 490 1247 19203
0, 7, 4091 5397 11847
0, 7, 410 3145 6914 17173
0, 7, 4115 5652 17916
0, 7, 4116 12083 14796
0, 7, 4118 10845 15666
0, 7, 4148 18137 18284
0, 7, 4153 10421 16403
0, 7, 4159 11730 14650
0, 7, 4159 4751 11730
0, 7, 4160 8971 18408
0, 7, 4170 4822 5533
0, 7, 4172 6874 10409
0, 7, 4202 7338 7355 8105 11838 14168
0, 7, 4202 7338 8105 11838 14168 17544
0, 7, 4235 5902 12947
0, 7, 4268 9897 11112 13891 19309
0, 7, 4303 11557 16495
0, 7, 4305 4895 12925
0, 7, 4335 7038 18637
0, 7, 4335 7038 8514
0, 7, 4340 4673 7761
0, 7, 4341 15484 18094
0, 7, 4395 11420 13705
0, 7, 440 6968 14834
0, 7, 443 1621 1677
0, 7, 4441 6904 7009 9873 18496
0, 7, 4441 7009 11068 12283
0, 7, 4485 7403 16520 18869
0, 7, 4500 8049 19358
0, 7, 4514 15019 18329
0, 7, 4514 9589 18329
0, 7, 4538 5791 7039 7477 16401
0, 7, 4538 7039 7477 14978 16401
0, 7, 4563 9897 11112 19309
0, 7, 4573 15296 16779
0, 7, 4574 5437 7530
0, 7, 463 9723 12748
0, 7, 4654 5784 11801
0, 7, 466 1049 3006
0, 7, 4670 7236 9982
0, 7, 4673 7761 12488
0, 7, 4737 16672 17168
0, 7, 475 7807 11233
0, 7, 4772 6683 18047
0, 7, 4779 6405 15722
0, 7, 4828 19277 19397
0, 7, 4836 6366 7392
0, 7, 489 1797 13403
0, 7, 4897 12500 13716
0, 7, 4897 5844 13716
0, 7, 4916 5572 7355
0, 7, 4958 11204 15828
0, 7, 4960 6744 9588
0, 7, 5008 7307 12507
0, 7, 5019 5844 11845 15034
0, 7, 5086 13806 17640
0, 7, 5090 5591 18840
0, 7, 5208 9470 9925
0, 7, 5223 9767 11683
0, 7, 5239 9539 16199
0, 7, 530 10702 11497
0, 7, 530 6147 10702
0, 7, 5311 15961 18803
0, 7, 5355 14599 17327 18049
0, 7, 5373 9947 15023
0, 7, 5374 16632 18535
0, 7, 5394 6340 7754 18927
0, 7, 5401 19123 19243
0, 7, 5427 16307 18490
0, 7, 5432 12675 17591
0, 7, 5432 7746 11940
0, 7, 5438 8994 13718
0, 7, 5472 7919 10715
0, 7, 5526 7954 10245
0, 7, 557 5892 10546 12540
0, 7, 5585 15085 16780
0, 7, 5596 10103 15504
0, 7, 5598 5950 6019 7981
0, 7, 5627 10922 18966
0, 7, 5653 12534 12568
0, 7, 5661 5877 7319
0, 7, 5674 7619 12270 12869
0, 7, 5690 7718 13191
0, 7, 5750 6703 11720
0, 7, 5750 6703 16463
0, 7, 5750 6703 18265
0, 7, 578 3081 6681 9624
0, 7, 5791 16401 17373
0, 7, 5791 7477 18484
0, 7, 5798 8131 13669
0, 7, 5810 9182 12200
0, 7, 5815 6562 8286
0, 7, 5844 11179 12500 13716
0, 7, 5844 11845 13716 15034
0, 7, 5857 6503 18322
0, 7, 5914 7683 13608
0, 7, 5926 15380 15913
0, 7, 5936 6364 11050
0, 7, 5974 10086 13544
0, 7, 5974 13544 14656
0, 7, 5981 7911 11869
0, 7, 6 8067 15319
0, 7, 6027 10195 13885 16727
0, 7, 6030 11761 13431
0, 7, 6082 7507 11191
0, 7, 61 3786 13791
0, 7, 6136 9649 18348
0, 7, 6150 9967 11382
0, 7, 6152 9274 17783 18836
0, 7, 6161 10657 16886
0, 7, 6179 7879 13985
0, 7, 6180 12572 13513
0, 7, 6180 12572 16743 17563
0, 7, 621 4441 6904 9873 13814 18496
0, 7, 621 6766 7929 13814 16340 18496
0, 7, 621 6904 7929 9873 13814 16340 18496
0, 7, 6228 16709 17565
0, 7, 624 1145 15032
0, 7, 6256 6851 17446 18259
0, 7, 6257 9497 12342 14227
0, 7, 6259 16782 17444 18552
0, 7, 627 6808 16827
0, 7, 6286 7718 13191
0, 7, 632 4463 9472
0, 7, 6329 10678 14729
0, 7, 635 9620 13549
0, 7, 6393 8179 19295
0, 7, 6448 8619 11769
0, 7, 6464 11008 14997
0, 7, 647 10404 16112
0, 7, 651 2134 7716 8946 12641 15834
0, 7, 651 2134 7716 8946 15504 15834
0, 7, 651 2134 8946 10103 15504
0, 7, 651 7716 15834 16497
0, 7, 651 7716 8946 12641 15504 15834
0, 7, 6525 12512 12835 14044
0, 7, 6568 15484 18094
0, 7, 6577 11180 11978
0, 7, 6602 12307 17358
0, 7, 6624 8298 18675
0, 7, 6662 10431 12718
0, 7, 6662 9031 19434
0, 7, 6671 10550 13654
0, 7, 6671 9475 13654
0, 7, 6711 17327 18049
0, 7, 6736 10499 14335 17191
0, 7, 6742 9391 12686
0, 7, 6766 7929 13814 16340 17166
0, 7, 6768 10361 11201 17055
0, 7, 6794 8042 12517
0, 7, 6794 8042 15804
0, 7, 682 13934 17136
0, 7, 6846 11246 12647
0, 7, 685 8835 9827
0, 7, 6869 12020 13788
0, 7, 687 1807 6687
0, 7, 6931 11269 15735
0, 7, 6940 18320 19296
0, 7, 6948 9771 13832
0, 7, 7038 12287 18637
0, 7, 7039 7477 18484
0, 7, 704 3295 7448
0, 7, 7051 8468 15725
0, 7, 7066 12842 16109
0, 7, 7066 7347 16109
0, 7, 712 1908 13311 18789
0, 7, 7168 7764 14593
0, 7, 7168 7764 8291
0, 7, 7185 9658 14569
0, 7, 7220 15401 18612
0, 7, 7220 15770 18612
0, 7, 7247 13070 17095
0, 7, 7249 9707 16699
0, 7, 726 6951 13168
0, 7, 731 4260 10961
0, 7, 7321 12293 17807
0, 7, 7355 7741 8105
0, 7, 7362 10639 11462
0, 7, 7378 16127 19398
0, 7, 742 5035 6745
0, 7, 7421 7885 16749 19017
0, 7, 7446 14980 16256 17419
0, 7, 7481 14723 14747 17829
0, 7, 7526 12470 13873 18041
0, 7, 7526 13873 18041 18235
0, 7, 763 10142 19106
0, 7, 7639 8219 16765
0, 7, 7708 10872 14899
0, 7, 7716 12641 15834 16497
0, 7, 7765 12606 15999
0, 7, 7765 9207 10602
0, 7, 778 6592 16525
0, 7, 7783 12427 16044 16240 16714
0, 7, 7783 8741 16240 16641 16714
0, 7, 7785 8290 14902
0, 7, 7897 14316 18660
0, 7, 7903 8090 10967 13296
0, 7, 7903 8090 11380 13296
0, 7, 7929 9054 17166
0, 7, 7935 13410 19263
0, 7, 7998 15690 15926
0, 7, 8051 9581 12991 13475
0, 7, 8071 10679 11487
0, 7, 8127 9248 18985
0, 7, 8153 8422 13846
0, 7, 8179 8328 19295
0, 7, 8217 14417 16793
0, 7, 8238 8699 16267
0, 7, 825 10521 11800 16791
0, 7, 825 11800 14772 16791 17129
0, 7, 825 7741 11800
0, 7, 8284 13230 14161
0, 7, 8328 9373 19295
0, 7, 835 1503 8816
0, 7, 837 11361 12557 17472
0, 7, 8377 12007 12473
0, 7, 838 1619 19287
0, 7, 8383 13543 16926
0, 7, 8395 11253 15262
0, 7, 840 6679 10151
0, 7, 8408 9630 13094
0, 7, 8484 14952 17024 17961
0, 7, 8484 8538 17024
0, 7, 8529 13541 18518
0, 7, 8529 18012 18518
0, 7, 853 8894 11670
0, 7, 8530 13973 14869
0, 7, 8583 9404 11011 11013
0, 7, 8617 8820 11629 18506
0, 7, 8651 10776 13313
0, 7, 8677 10148 11420
0, 7, 8677 11420 13705
0, 7, 8695 13132 14564
0, 7, 872 13421 13531
0, 7, 8741 9805 16641 16849 19387
0, 7, 8831 11123 19063
0, 7, 8856 9862 10233
0, 7, 8867 9243 9789
0, 7, 8896 13782 15282 18199
0, 7, 8917 10461 16256 17419
0, 7, 8935 14213 17365
0, 7, 8941 10130 14255 14286 16367 17537 18602
0, 7, 8941 14255 16367 18140 18602
0, 7, 8941 9191 9390 10130 12759 14286
0, 7, 8941 9390 10130 12759 14255 14286
0, 7, 8941 9390 10130 14255 14286 17537
0, 7, 8958 9605 12640
0, 7, 8988 11812 17499
0, 7, 9013 10744 13145
0, 7, 9028 12085 14638 16219
0, 7, 9032 10378 10569
0, 7, 9052 14736 16819
0, 7, 9062 11315 16555 19093
0, 7, 9081 11730 14650
0, 7, 9081 13759 14650
0, 7, 9081 13759 19360
0, 7, 9157 10359 10988
0, 7, 916 1577 8876
0, 7, 9170 9898 11163 12643
0, 7, 9182 12200 15595
0, 7, 9315 16643 18541
0, 7, 9362 12928 19270
0, 7, 9390 10130 12759 14286 17607
0, 7, 9390 10130 14286 17537 17607
0, 7, 9416 19277 19397
0, 7, 9447 13453 18273
0, 7, 95 5532 9743
0, 7, 9614 12541 14549 19471
0, 7, 962 6596 19021
0, 7, 9632 13521 16650
0, 7, 9637 11845 13716 15034
0, 7, 9658 10752 11154 12906
0, 7, 9658 10752 11154 15306
0, 7, 9658 10752 14569
0, 7, 9658 12906 15306
0, 7, 9674 11223 11924
0, 7, 9705 12760 13000 14093
0, 7, 974 12287 18637
0, 7, 974 4115 18637
0, 7, 974 4115 5652
0, 7, 974 4335 18637
0, 7, 9746 11782 15615
0, 7, 9776 11932 13068
0, 7, 9826 10518 11696 15202 19020
0, 7, 9829 10822 17039
0, 7, 988 11325 14939
0, 7, 9889 14511 16725
1, 8, 10131 12406 13072
1, 8, 10148 11420 13071 18213
1, 8, 10153 10521 17624 18995
1, 8, 10168 12261 14545
1, 8, 102 7006 8740 14556
1, 8, 1022 16667 18513
1, 8, 10227 17671 17857
1, 8, 10256 12606 15999
1, 8, 10319 12211 14529
1, 8, 10319 12211 16605
1, 8, 10378 10569 13937 18843
1, 8, 1038 13193 15031
1, 8, 10397 10693 15771
1, 8, 10397 10693 19388
1, 8, 10424 13525 14316
1, 8, 1046 10917 19436
1, 8, 105 8359 13539
1, 8, 10518 14401 19020
1, 8, 10521 16791 18995
1, 8, 1059 14434 15363
1, 8, 10637 14776 16572
1, 8, 10657 11582 16886
1, 8, 1073 1713 11324
1, 8, 10789 14609 18664
1, 8, 10875 12782 16049
1, 8, 10902 11509 13746 14130
1, 8, 10935 18104 18343
1, 8, 10949 11899 14848
1, 8, 1098 12675 17591
1, 8, 1098 5432 12675
1, 8, 1099 11797 13110
1, 8, 11008 14349 14997
1, 8, 11030 13025 15656
1, 8, 11121 11246 12647
1, 8, 1115 4749 4870
1, 8, 11179 12500 13716 15034
1, 8, 11179 12500 14981
1, 8, 1122 3202 4136
1, 8, 11235 13884 14886
1, 8, 1128 8151 11385
1, 8, 11288 11777 14859
1, 8, 11297 12712 19032
1, 8, 11297 15162 19032
1, 8, 1132 11616 15685
1, 8, 11327 13295 16207
1, 8, 11352 13569 18813
1, 8, 11401 15165 18527
1, 8, 1141 3803 6776 11738
1, 8, 1142 1530 3413
1, 8, 11451 14865 14966 15411 16000
1, 8, 11578 11774 12063 12271 14290 17465 17693 17731
1, 8, 1162 7613 13796 15888 16344
1, 8, 11697 12922 18182
1, 8, 11736 17959 18077
1, 8, 11746 11901 19406
1, 8, 1175 2613 4505
1, 8, 11797 13110 14168
1, 8, 1180 2043 4988
1, 8, 11838 13110 14168
1, 8, 1187 3525 5281 8667 15606
1, 8, 11891 14365 17888
1, 8, 11898 13948 18719
1, 8, 11900 13560 15138
1, 8, 1209 1586 7258
1, 8, 12141 16192 19496
1, 8, 12172 12305 19499
1, 8, 12179 13228 14254
1, 8, 12383 15461 16763
1, 8, 1245 9599 17130
1, 8, 1252 12206 12285
1, 8, 12572 16743 17563
1, 8, 1261 1498 6997 18680
1, 8, 12679 15517 19413
1, 8, 12797 12952 13998
1, 8, 12806 13059 19108
1, 8, 12825 16239 19555
1, 8, 1286 16726 17943
1, 8, 1296 6524 10187
1, 8, 13121 13771 16176
1, 8, 1324 2118 19233
1, 8, 13357 15654 16715
1, 8, 13381 14342 17941
1, 8, 1346 5438 5891
1, 8, 13612 15048 19210
1, 8, 13626 13742 16169 18464
1, 8, 13688 18115 19105
1, 8, 13694 17655 19254
1, 8, 13736 13770 19142
1, 8, 1384 18088 19160
1, 8, 13866 15059 17517
1, 8, 13884 14886 16507
1, 8, 13949 15157 18422
1, 8, 1400 7249 16699
1, 8, 1406 2773 12256
1, 8, 14124 14264 16790
1, 8, 14138 16479 18921
1, 8, 1414 2537 12483 15880 18732 18898 19570
1, 8, 14197 15380 15913
1, 8, 142 1204 2778 9945
1, 8, 142 824 1204 2778
1, 8, 14286 16367 17537 18602 19513
1, 8, 14434 15363 17046
1, 8, 1451 17139 19502
1, 8, 14549 17434 19471 19562
1, 8, 14657 15971 16197
1, 8, 14757 15048 19210
1, 8, 14772 16791 17129 17726
1, 8, 148 1123 10880
1, 8, 1488 3366 5548
1, 8, 14946 16223 18913
1, 8, 1499 6284 17800
1, 8, 15016 16452 18263
1, 8, 1506 2781 4889
1, 8, 1507 7961 8495
1, 8, 1507 7961 9013
1, 8, 15077 15690 15926
1, 8, 15085 16780 19456
1, 8, 15086 17402 19026
1, 8, 153 2062 12811
1, 8, 15314 17537 17607
1, 8, 1536 2801 4659
1, 8, 15412 15898 19148
1, 8, 15529 15642 16060 16066
1, 8, 1570 2218 6996 13301
1, 8, 1570 2218 6996 15314
1, 8, 1570 3863 13301
1, 8, 15701 17669 18179
1, 8, 1575 7520 9310 11714
1, 8, 1582 7122 9718
1, 8, 1587 2151 2874 18967
1, 8, 1599 4177 15146
1, 8, 1604 3658 10153
1, 8, 1610 12560 14165 18344
1, 8, 1615 6814 14381
1, 8, 16236 17120 17647
1, 8, 1640 2245 7351
1, 8, 1640 3211 4394 7351 17230
1, 8, 1642 9351 17917
1, 8, 1646 6364 7062 12245
1, 8, 1646 7062 12245 13504
1, 8, 1655 8082 13752
1, 8, 167 881 9173
1, 8, 16778 17067 18176
1, 8, 16791 17726 18995
1, 8, 1691 6031 14491
1, 8, 1696 5381 6563 16706
1, 8, 1702 3499 15184
1, 8, 1725 6381 14394
1, 8, 17537 17607 19513
1, 8, 17573 17859 19048
1, 8, 17633 19261 19316
1, 8, 1765 10697 11451 14865 14966 16000
1, 8, 1772 5990 11600
1, 8, 1807 5403 6687
1, 8, 1824 3518 3781
1, 8, 1824 3781 14679
1, 8, 1839 11036 18142
1, 8, 1846 5198 17275
1, 8, 1846 5198 6332
1, 8, 1851 4105 10883 18354 19624
1, 8, 1863 7790 11969 16978
1, 8, 18670 18881 19619
1, 8, 1883 3433 11089
1, 8, 189 14294 18001
1, 8, 1890 6414 12845 13016
1, 8, 1891 8502 18347
1, 8, 1906 4441 11068
1, 8, 1911 4288 11907
1, 8, 196 1111 15188
1, 8, 1960 2479 8553
1, 8, 1967 7188 10312
1, 8, 197 2937 18051
1, 8, 1982 4599 18833
1, 8, 1983 2590 13271
1, 8, 1985 4739 12334
1, 8, 2003 3020 3078 5733 13044 16325 16790
1, 8, 2003 3078 5733 13044 14264 16325 16790
1, 8, 2015 12346 18726
1, 8, 2016 12131 18736
1, 8, 2025 6214 6581
1, 8, 2029 12976 13667
1, 8, 2033 4736 7171
1, 8, 2037 3567 4308 6774 9830
1, 8, 2069 7288 10553 13112 13493
1, 8, 2083 8301 19479
1, 8, 2085 4770 11137
1, 8, 2087 2450 3749 5424
1, 8, 2095 3078 5733
1, 8, 2099 18293 19507
1, 8, 2109 10499 14335
1, 8, 2109 6736 10499
1, 8, 211 604 2500
1, 8, 2111 13200 13663
1, 8, 2127 2579 12197
1, 8, 2127 3158 4574 5032 6691 7530 12197
1, 8, 2139 4916 19085
1, 8, 2139 4916 5572
1, 8, 2186 4786 6153 14111
1, 8, 2192 6833 10456
1, 8, 2194 9494 10203 17763
1, 8, 2201 6070 8151 11385
1, 8, 2218 15314 17607
1, 8, 2218 17607 19513
1, 8, 2218 6996 19513
1, 8, 2222 16883 19349
1, 8, 2222 3555 19349
1, 8, 2244 9904 15582
1, 8, 2245 7351 17230
1, 8, 2245 9698 15194
1, 8, 2261 2729 5285
1, 8, 2294 8184 13077
1, 8, 2294 8184 8658
1, 8, 2307 4172 6874 10409
1, 8, 2332 12308 16666
1, 8, 2397 9813 12570
1, 8, 2404 6172 14522
1, 8, 2486 5041 13051
1, 8, 2492 8125 16337
1, 8, 2510 5395 16091
1, 8, 2510 5395 16881
1, 8, 2514 8895 9054
1, 8, 2514 9054 17166
1, 8, 2537 8997 12483 15880 18732 19570
1, 8, 2540 2899 6864 8444
1, 8, 2546 4470 15316
1, 8, 2595 3338 7190
1, 8, 2632 14890 18428
1, 8, 265 4910 13698
1, 8, 268 6703 16463
1, 8, 2696 3704 3711
1, 8, 2712 15802 17195
1, 8, 2713 3863 13301
1, 8, 2723 11726 14869
1, 8, 2723 11726 15762
1, 8, 2723 13973 14869
1, 8, 2723 13973 15762
1, 8, 2750 3388 6298
1, 8, 2783 8741 9805 15033 16240 16641 19387
1, 8, 2783 8741 9805 15033 16641 16849 19387
1, 8, 2783 9081 14650 15033 19387
1, 8, 2830 12549 16119
1, 8, 2840 3514 17893
1, 8, 2843 4977 5709
1, 8, 2861 3422 17672
1, 8, 2895 8858 9801
1, 8, 2932 7749 11244
1, 8, 2948 5240 6554 17094
1, 8, 2963 6331 12620
1, 8, 297 2122 2224 13909
1, 8, 2984 8248 14554
1, 8, 3015 3796 5453 13420
1, 8, 3027 10830 18399
1, 8, 3054 4404 4676 12378
1, 8, 3062 13551 15908 18028
1, 8, 3094 5045 7773 10680
1, 8, 3140 3297 16178
1, 8, 3144 10912 13020
1, 8, 3215 5434 10475 14188
1, 8, 3215 8741 9805 16641
1, 8, 3216 15908 18028
1, 8, 322 1282 2881 11471
1, 8, 3223 4684 12512 12835 14044
1, 8, 325 3296 15356
1, 8, 3268 10763 18587
1, 8, 3271 4284 18778
1, 8, 3275 7220 15401
1, 8, 3280 3308 5888
1, 8, 3288 4424 6155 11662 18912
1, 8, 329 1604 3640 11764
1, 8, 329 3640 4202 11838 14168 17544
1, 8, 329 3640 9416 11764
1, 8, 329 3640 9416 17544
1, 8, 329 9416 19277
1, 8, 3311 10879 13851
1, 8, 3366 3473 5548 18648
1, 8, 337 4701 15329
1, 8, 3403 17633 19316
1, 8, 3407 7810 8461
1, 8, 3417 10794 17542 18746
1, 8, 3430 13772 14580
1, 8, 347 3509 16797
1, 8, 348 9344 14201
1, 8, 3495 4627 8885 11039 16655
1, 8, 3506 10834 16588 17855
1, 8, 3512 13537 14404 16724
1, 8, 3512 6337 12427 13537 14404 16044
1, 8, 3512 6337 7783 12427 14404 16044 16714
1, 8, 3514 13069 17893
1, 8, 3521 8214 9468
1, 8, 3541 4860 17314
1, 8, 3543 5140 10328
1, 8, 3620 5750 16463
1, 8, 3620 5750 8134 8609 18063 18265
1, 8, 3620 8219 16463
1, 8, 3620 8219 16765
1, 8, 3620 8219 18063
1, 8, 3638 6257 12342 14227
1, 8, 3638 6257 9497
1, 8, 3658 10153 17624
1, 8, 3675 4656 10501 10984
1, 8, 3685 12233 16999
1, 8, 3688 7847 12916
1, 8, 3713 3763 11561
1, 8, 3720 10591 17908 18311
1, 8, 3724 19390 19419
1, 8, 374 5581 7492
1, 8, 3780 6044 7495
1, 8, 3791 14905 15900
1, 8, 3796 5453 7240
1, 8, 3798 14090 18271
1, 8, 3866 8688 11523
1, 8, 3866 8688 16766
1, 8, 387 2783 9805 15033 16849 19387
1, 8, 3899 16179 16310
1, 8, 3904 6624 8298
1, 8, 392 11299 18683
1, 8, 3926 5355 14599 18049
1, 8, 3926 5355 5876 14599
1, 8, 3932 7455 7854 15853
1, 8, 3936 9429 9487
1, 8, 3962 4404 4676 12378
1, 8, 3987 9532 11496
1, 8, 3989 9006 14753
1, 8, 4006 4662 6767 8687
1, 8, 4034 4923 5694 10120
1, 8, 407 490 1247 19203
1, 8, 4091 5397 11847
1, 8, 410 3145 6914 17173
1, 8, 4115 5652 17916
1, 8, 4116 12083 14796
1, 8, 4118 10845 15666
1, 8, 4148 18137 18284
1, 8, 4153 10421 16403
1, 8, 4159 11730 14650
1, 8, 4159 4751 11730
1, 8, 4160 8971 18408
1, 8, 4202 7338 7355 8105 11838 14168
1, 8, 4202 7338 8105 11838 14168 17544
1, 8, 4235 5902 12947
1, 8, 4268 9897 11112 13891 19309
1, 8, 4272 6519 17755
1, 8, 4303 11557 16495
1, 8, 4305 4895 12925
1, 8, 4335 7038 18637
1, 8, 4335 7038 8514
1, 8, 4335 8514 17834
1, 8, 4340 4673 7761
1, 8, 4341 15484 18094
1, 8, 4395 11420 13705
1, 8, 440 6968 14834
1, 8, 443 1621 1677
1, 8, 4441 6904 7009 9873 18496
1, 8, 4441 7009 11068 12283
1, 8, 4485 7403 16520 18869
1, 8, 4500 8049 19358
1, 8, 4509 4569 19540
1, 8, 4514 15019 18329
1, 8, 4538 5791 7477 16401
1, 8, 4538 7039 7477 14978 16401
1, 8, 4563 9897 11112 19309
1, 8, 4573 15296 16779
1, 8, 4574 5437 7530
1, 8, 463 9723 12748
1, 8, 4654 5784 11801
1, 8, 466 1049 3006
1, 8, 4670 7236 9982
1, 8, 4673 7761 12488
1, 8, 4697 5140 10328
1, 8, 4737 16672 17168
1, 8, 475 7807 11233
1, 8, 4772 6683 18047
1, 8, 4779 6405 15722
1, 8, 4828 19277 19397
1, 8, 4836 6366 7392
1, 8, 489 1797 13403
1, 8, 4897 12500 13716
1, 8, 4897 5844 13716
1, 8, 4916 5572 7355
1, 8, 4923 5694 14403
1, 8, 4958 11204 15828
1, 8, 4960 6744 9588
1, 8, 5008 7307 12507
1, 8, 5019 5844 11845
1, 8, 5086 13806 17640
1, 8, 5090 5591 18840
1, 8, 5208 9470 9925
1, 8, 5223 9767 11683
1, 8, 5239 9539 16199
1, 8, 530 10702 11497
1, 8, 530 6147 10702
1, 8, 5311 15961 18803
1, 8, 5355 14599 17327 18049
1, 8, 5373 9947 15023
1, 8, 5374 16632 18535
1, 8, 5394 6340 7754 18927
1, 8, 5401 19123 19243
1, 8, 5427 16307 18490
1, 8, 5432 12675 17591
1, 8, 5432 7746 11940
1, 8, 5434 10475 14188 14264
1, 8, 5438 8994 13718
1, 8, 5472 7919 10715
1, 8, 5526 7954 10245
1, 8, 557 5892 10546 12540
1, 8, 5585 15085 16780
1, 8, 5598 5950 6019 7981
1, 8, 5627 10922 18966
1, 8, 5653 12534 12568
1, 8, 5661 5877 7319
1, 8, 5674 7619 12270 12869
1, 8, 5690 6286 7718 13191
1, 8, 5750 6703 11720
1, 8, 5750 6703 16463
1, 8, 5750 6703 18265
1, 8, 578 3081 6681 9624
1, 8, 5791 16401 17373
1, 8, 5791 7039 7477 16401
1, 8, 5798 8131 13669
1, 8, 5810 9182 12200
1, 8, 5815 6562 8286
1, 8, 5844 11179 12500 13716
1, 8, 5844 11845 13716 15034
1, 8, 5857 6503 18322
1, 8, 5914 7683 13608
1, 8, 5926 15380 15913
1, 8, 5936 6364 11050
1, 8, 5974 10086 13544
1, 8, 5974 13544 14656
1, 8, 5981 7911 11869
1, 8, 6 8067 15319
1, 8, 6027 10195 13885 16727
1, 8, 6030 11761 13431
1, 8, 6082 7507 11191
1, 8, 61 3786 13791
1, 8, 6136 9649 18348
1, 8, 6150 9967 11382
1, 8, 6152 9274 17783 18836
1, 8, 6161 10657 16886
1, 8, 6179 7879 13985
1, 8, 6180 16743 17563
1, 8, 621 4441 6904 9873 13814 18496
1, 8, 621 6766 7929 13814 16340 17166
1, 8, 621 6766 7929 9873 13814 16340 18496
1, 8, 621 6904 7929 9873 13814 16340 18496
1, 8, 6228 16709 17565
1, 8, 624 1145 15032
1, 8, 6256 6851 17446 18259
1, 8, 6257 9497 12342 14227
1, 8, 6259 16782 17444 18552
1, 8, 627 6808 16827
1, 8, 632 4463 9472
1, 8, 6329 10678 14729
1, 8, 635 9620 13549
1, 8, 6358 18531 18553
1, 8, 6393 8179 19295
1, 8, 6448 8619 11769
1, 8, 6464 11008 14997
1, 8, 647 10404 16112
1, 8, 651 2134 7716 8946 12641 15834
1, 8, 651 2134 7716 8946 15504 15834
1, 8, 651 2134 8946 10103 15504
1, 8, 651 7716 15834 16497
1, 8, 651 7716 8946 12641 15504 15834
1, 8, 6525 12512 12835 14044
1, 8, 6568 15484 18094
1, 8, 6577 11180 11978
1, 8, 6602 12307 17358
1, 8, 6624 8298 10275
1, 8, 6624 8298 18675
1, 8, 6671 9475 10550 13654
1, 8, 6711 17327 18049
1, 8, 6736 10499 14335
1, 8, 6736 10499 17191
1, 8, 6742 9391 12686
1, 8, 6768 10361 11201 17055
1, 8, 679 9482 12865
1, 8, 6794 8042 12517 15804
1, 8, 682 13934 17136
1, 8, 685 8835 9827
1, 8, 6869 12020 13788
1, 8, 687 1807 6687
1, 8, 6931 11269 15735
1, 8, 6940 18320 19296
1, 8, 6948 9771 13832
1, 8, 7038 12287 18637
1, 8, 7039 7477 18484
1, 8, 7051 8468 15725
1, 8, 7066 12842 16109
1, 8, 712 1908 13311 18789
1, 8, 7168 7764 14593
1, 8, 7168 7764 8291
1, 8, 7220 15401 18612
1, 8, 7220 15770 18612
1, 8, 7247 13070 17095
1, 8, 7249 9707 16699
1, 8, 726 6951 13168
1, 8, 731 4260 10961
1, 8, 7321 12293 17807
1, 8, 7355 7741 8105
1, 8, 7362 10639 11462
1, 8, 7378 16127 19398
1, 8, 7399 18933 19532
1, 8, 7408 14113 19195
1, 8, 742 5035 6745
1, 8, 7421 7885 16749 19017
1, 8, 7437 12826 17092
1, 8, 7446 14980 16256 17419
1, 8, 7481 14723 14747 17829
1, 8, 7526 12470 13873 18041 18235
1, 8, 763 10142 19106
1, 8, 7639 8219 16765
1, 8, 7708 10872 14899
1, 8, 7716 10557 12641
1, 8, 7716 12641 15834 16497
1, 8, 7765 12606 15999
1, 8, 7765 9207 10602
1, 8, 778 6592 16525
1, 8, 7783 12427 16044 16240 16714
1, 8, 7783 16240 16641 16714
1, 8, 7785 8290 14902
1, 8, 7897 14316 18660
1, 8, 7903 8090 10967 13296
1, 8, 7903 8090 11380 13296
1, 8, 7929 9054 17166
1, 8, 7935 13410 19263
1, 8, 7998 15690 15926
1, 8, 8051 9581 12991 13475
1, 8, 8071 10679 11487
1, 8, 8127 9248 18985
1, 8, 8153 8422 13846
1, 8, 8179 8328 19295
1, 8, 8217 14417 16793
1, 8, 8238 8699 16267
1, 8, 825 11800 14772 16791 17129
1, 8, 825 11800 16791 18995
1, 8, 825 7741 11800
1, 8, 8284 13230 14161
1, 8, 8328 9373 19295
1, 8, 835 1503 8816
1, 8, 837 11361 12557 17472
1, 8, 8377 12007 12473
1, 8, 838 1619 19287
1, 8, 8383 13543 16926
1, 8, 8395 11253 15262
1, 8, 840 6679 10151
1, 8, 8408 9630 13094
1, 8, 8484 14952 17024 17961
1, 8, 8484 8538 17024
1, 8, 8529 13541 18518
1, 8, 8529 18012 18518
1, 8, 853 8894 11670
1, 8, 8530 13973 14869
1, 8, 8583 9404 11011 11013
1, 8, 8617 8820 11629 18506
1, 8, 8651 10776 13313
1, 8, 8677 10148 11420
1, 8, 8677 11420 13705
1, 8, 8695 13132 14564
1, 8, 872 13421 13531
1, 8, 8831 11123 19063
1, 8, 8856 9862 10233
1, 8, 8867 9243 9789
1, 8, 8896 13782 15282 18199
1, 8, 8917 10461 16256 17419
1, 8, 892 19457 19543
1, 8, 892 4690 19543
1, 8, 892 8060 19457
1, 8, 8935 14213 17365
1, 8, 8941 10130 14255 14286 16367 17537 18602
1, 8, 8941 14255 16367 18140 18602
1, 8, 8941 9390 10130 12759 14255 14286 18602
1, 8, 8941 9390 10130 14255 14286 17537
1, 8, 8958 9605 12640
1, 8, 8988 11812 17499
1, 8, 901 12778 19609
1, 8, 9013 10744 13145
1, 8, 9028 12085 14638 16219
1, 8, 9032 10378 10569
1, 8, 9052 14736 16819
1, 8, 9062 11315 16555 19093
1, 8, 9081 11730 14650
1, 8, 9081 13759 14650
1, 8, 9157 10359 10988
1, 8, 916 1577 8876
1, 8, 9170 9898 11163 12643
1, 8, 9182 12200 15595
1, 8, 9191 9390 10130 12759
1, 8, 9315 16643 18541
1, 8, 9362 12928 19270 19536
1, 8, 9390 10130 12759 17607
1, 8, 9390 10130 17537 17607
1, 8, 9416 19277 19397
1, 8, 9447 13453 18273
1, 8, 95 5532 9743
1, 8, 956 6796 19121
1, 8, 9614 12541 14549 19471 19562
1, 8, 962 10732 19021
1, 8, 9632 13521 16650
1, 8, 9637 11845 13716 15034
1, 8, 9658 10752 11154 14569
1, 8, 9658 10752 11154 15306
1, 8, 9658 11154 12906
1, 8, 9674 11223 11924
1, 8, 9705 12760 13000 14093
1, 8, 974 12287 18637
1, 8, 974 4115 5652 18637
1, 8, 974 4335 18637
1, 8, 9746 11782 15615
1, 8, 9776 11932 13068
1, 8, 9797 13579 19548
1, 8, 9826 10518 11696 15202 19020
1, 8, 9829 10822 17039
1, 8, 988 11325 14939
1, 8, 9889 14511 16725
2, 9, 10122 11001 18134
2, 9, 10131 12406 13072
2, 9, 10148 11420 13071 18213
2, 9, 10153 10521 17624 18995
2, 9, 10168 12261 14545
2, 9, 102 7006 8740 14556
2, 9, 1022 16667 18513
2, 9, 10227 17671 17857
2, 9, 10256 12606 15999
2, 9, 10319 12211 14529
2, 9, 10319 12211 16605
2, 9, 10378 10569 13937 18843
2, 9, 1038 13193 15031
2, 9, 10397 10693 15771
2, 9, 10397 10693 19388
2, 9, 10424 13525 14316
2, 9, 1046 10917 19436
2, 9, 10475 14188 14264 16790
2, 9, 105 8359 13539
2, 9, 10518 14401 19020
2, 9, 10521 16791 18995
2, 9, 1059 14434 15363
2, 9, 10591 17908 18311
2, 9, 10637 14776 16572
2, 9, 10657 11582 16886
2, 9, 1073 1713 11324
2, 9, 10789 14609 18664
2, 9, 10847 10969 16731
2, 9, 10875 12782 16049
2, 9, 10902 11509 13746 14130
2, 9, 10935 18104 18343
2, 9, 10949 11899 14848
2, 9, 1098 5432 12675
2, 9, 1098 5432 17591
2, 9, 1099 11797 13110 19769
2, 9, 11008 14349 14997
2, 9, 11030 13025 15656
2, 9, 11121 11246 12647
2, 9, 1115 4749 4870
2, 9, 11179 12500 14981
2, 9, 1122 3202 4136
2, 9, 11235 13884 14886
2, 9, 1128 2201 8151 11385
2, 9, 11297 12712 15162 19032
2, 9, 1132 11616 15685
2, 9, 11327 13295 16207
2, 9, 11352 13569 18813
2, 9, 11401 15165 18527
2, 9, 1141 3803 6776 11738
2, 9, 1142 1530 3413
2, 9, 11451 14865 14966 15411 16000
2, 9, 11578 11774 12063 12271 14290 17465 17693 17731
2, 9, 1162 7613 13796 15888 16344
2, 9, 11697 12922 18182
2, 9, 11736 17959 18077
2, 9, 11746 11901 19406
2, 9, 1175 2613 4505
2, 9, 11797 13110 14168 19769
2, 9, 1180 2043 4988
2, 9, 11838 13110 14168 19769
2, 9, 1187 3525 5281 8667 15606
2, 9, 11891 14365 17888
2, 9, 11898 13948 18719
2, 9, 11900 13560 15138
2, 9, 1209 1586 7258
2, 9, 12141 16192 19496
2, 9, 12172 12305 19499
2, 9, 12383 15461 16763
2, 9, 1245 9599 17130
2, 9, 1252 12206 12285
2, 9, 12572 16743 17563
2, 9, 1261 1498 6997
2, 9, 1261 6997 18680
2, 9, 12679 15517 19413
2, 9, 12797 12952 13998
2, 9, 12806 13059 19108
2, 9, 12825 16239 19555
2, 9, 1286 16726 17943
2, 9, 1288 5305 11337
2, 9, 1296 6524 10187
2, 9, 1308 4698 16248
2, 9, 13121 13771 16176
2, 9, 1324 2118 19233
2, 9, 13357 15654 16715
2, 9, 13381 14342 17941
2, 9, 1346 5438 5891
2, 9, 13612 15048 19210
2, 9, 13626 13742 16169 18464
2, 9, 13688 18115 19105
2, 9, 13694 17655 19254
2, 9, 13736 13770 19142
2, 9, 1384 18088 19160
2, 9, 13866 15059 17517
2, 9, 13884 14886 16507
2, 9, 13949 15157 18422
2, 9, 1400 7249 16699
2, 9, 1406 2773 12256
2, 9, 14124 14264 16790
2, 9, 14138 16479 18921
2, 9, 1414 2537 12483 15880 18732 18898 19570
2, 9, 14197 15380 15913
2, 9, 142 1204 2778 9945
2, 9, 142 824 1204 2778
2, 9, 14286 16367 17537 18602 19513
2, 9, 1437 4468 17599
2, 9, 1451 17139 19502
2, 9, 14549 17434 19471 19562
2, 9, 14657 15971 16197
2, 9, 14757 15048 19210
2, 9, 14772 16791 17129 17726
2, 9, 148 1123 10880
2, 9, 1488 3366 5548
2, 9, 14946 16223 18913
2, 9, 1498 6997 18680
2, 9, 1499 6284 17800
2, 9, 1500 2255 19778
2, 9, 15016 16452 18263
2, 9, 1506 2781 4889
2, 9, 1507 7961 8495 9013
2, 9, 15077 15690 15926
2, 9, 15085 16780 19456
2, 9, 15086 17402 19026
2, 9, 15184 16409 18766
2, 9, 153 2062 12811
2, 9, 15314 17537 17607
2, 9, 1536 2801 4659
2, 9, 15529 15642 16060 16066
2, 9, 1570 2218 6996 13301
2, 9, 1570 2218 6996 15314
2, 9, 1570 3863 13301
2, 9, 15701 17669 18179
2, 9, 1575 7520 9310 11714
2, 9, 1579 6840 19483
2, 9, 1582 7122 9718
2, 9, 1587 2151 2874 18967
2, 9, 1599 4177 15146
2, 9, 1604 3658 10153
2, 9, 1610 12560 14165 18344
2, 9, 1615 6814 14381 19694
2, 9, 16236 17120 17647
2, 9, 1640 2245 7351 17230
2, 9, 1640 3211 4394 7351 17230
2, 9, 1642 9351 17917
2, 9, 1646 6364 7062 12245
2, 9, 1646 7062 12245 13504
2, 9, 167 881 9173
2, 9, 16778 17067 18176
2, 9, 16791 17726 18995
2, 9, 1691 6031 14491
2, 9, 1696 5381 6563 16706
2, 9, 1702 3499 15184
2, 9, 1725 6381 14394
2, 9, 17537 17607 19513
2, 9, 17573 17859 19048
2, 9, 17633 19261 19316
2, 9, 1765 10697 11451 14865 14966 16000
2, 9, 1772 5990 11600
2, 9, 1797 13403 15012
2, 9, 1807 5403 6687
2, 9, 1824 3518 3781
2, 9, 1824 3781 14679
2, 9, 1839 11036 18142
2, 9, 1846 5198 6332
2, 9, 1851 4105 10883 18354 19624
2, 9, 1863 7790 11969 16978
2, 9, 18670 18881 19619
2, 9, 1883 3433 11089
2, 9, 189 14294 18001
2, 9, 1890 6414 12845 13016
2, 9, 1891 8502 18347
2, 9, 1906 4441 11068
2, 9, 1911 4288 11907
2, 9, 196 1111 15188
2, 9, 1960 2479 8553
2, 9, 1967 7188 10312
2, 9, 197 2937 18051
2, 9, 1982 4599 18833
2, 9, 1983 2590 13271
2, 9, 1985 4739 12334
2, 9, 2003 3020 3078 5733 13044 14264 16325 16790
2, 9, 2015 12346 18726
2, 9, 2016 12131 18736
2, 9, 2025 6214 6581
2, 9, 2029 12976 13667
2, 9, 2033 4736 7171
2, 9, 2037 3567 4308 6774 9830
2, 9, 2069 7288 10553 13112 13493
2, 9, 2083 8301 19479
2, 9, 2085 4770 11137
2, 9, 2087 2450 3749 5424
2, 9, 2099 18293 19507
2, 9, 2109 10499 14335
2, 9, 211 604 2500
2, 9, 2111 13200 13663
2, 9, 2116 13025 15656
2, 9, 2127 2579 12197
2, 9, 2127 3158 4574 5032 6691 7530 12197
2, 9, 2139 4916 19085
2, 9, 2139 4916 5572
2, 9, 2186 4786 6153 14111
2, 9, 2192 6833 10456
2, 9, 2194 9494 10203 17763
2, 9, 2201 6070 8151 11385
2, 9, 2218 15314 17607
2, 9, 2218 17607 19513
2, 9, 2222 16883 19349
2, 9, 2222 3555 19349
2, 9, 2244 9904 15582
2, 9, 2245 9698 15194
2, 9, 2261 2729 5285
2, 9, 2294 8184 13077
2, 9, 2294 8184 8658
2, 9, 2307 4172 6874 10409
2, 9, 2332 12308 16666
2, 9, 2397 9813 12570
2, 9, 2404 6172 14522
2, 9, 2486 5041 13051
2, 9, 2492 8125 16337
2, 9, 2510 5395 16091
2, 9, 2510 5395 16881
2, 9, 2514 8895 9054
2, 9, 2514 9054 17166
2, 9, 2537 8997 12483 15880 18732 19570
2, 9, 2540 2899 6864 8444
2, 9, 2546 4470 15316
2, 9, 2595 3338 7190
2, 9, 2619 6493 13639
2, 9, 2632 14890 18428
2, 9, 266 13917 18671
2, 9, 268 6703 16463
2, 9, 2712 15802 17195
2, 9, 2713 3863 13301
2, 9, 2723 11726 14869
2, 9, 2723 11726 15762
2, 9, 2723 13973 14869
2, 9, 2723 13973 15762
2, 9, 2750 3388 6298
2, 9, 2783 8741 9805 15033 16240 16641 19387
2, 9, 2783 8741 9805 15033 16641 16849 19387
2, 9, 2783 9081 14650 15033 19387
2, 9, 2830 12549 16119
2, 9, 2843 4977 5709
2, 9, 2861 3422 17672
2, 9, 2895 8858 9801
2, 9, 2932 7749 11244
2, 9, 2940 5621 6353
2, 9, 2948 5240 6554 17094
2, 9, 2963 6331 12620
2, 9, 297 2122 2224 11492 13909
2, 9, 2984 8248 14554
2, 9, 3015 3796 5453 13420
2, 9, 3027 10830 18399
2, 9, 3054 4404 4676 12378
2, 9, 3062 13551 15908 18028
2, 9, 3094 5045 10680
2, 9, 3094 7773 10680
2, 9, 3133 8898 11132
2, 9, 3140 3297 16178
2, 9, 3144 10912 13020
2, 9, 3215 5434 10475 14188 14264
2, 9, 3215 8741 9805
2, 9, 3216 15908 18028
2, 9, 322 1282 2881 11471
2, 9, 3223 4684 12512 12835 14044
2, 9, 3223 6525 12512 12835 14044
2, 9, 325 3296 15356
2, 9, 3268 10763 18587
2, 9, 3271 4284 18778
2, 9, 3275 7220 15401
2, 9, 3280 3308 5888
2, 9, 3288 4424 6155 11662
2, 9, 3288 6155 11662 18912
2, 9, 329 1604 3640 11764
2, 9, 329 3640 4202 11838 14168 17544
2, 9, 329 3640 9416 11764
2, 9, 329 3640 9416 17544
2, 9, 329 9416 11764 19277
2, 9, 3311 10879 13851
2, 9, 3366 3473 5548 18648
2, 9, 337 4701 15329
2, 9, 3403 17633 19316
2, 9, 3407 7810 8461
2, 9, 3417 10794 17542 18746
2, 9, 3430 13772 14580
2, 9, 348 9344 14201
2, 9, 3495 4627 8885 11039 16655
2, 9, 3506 10834 16588 17855
2, 9, 3512 6337 12427 13537 14404 16044
2, 9, 3512 6337 13537 14404 16724
2, 9, 3512 6337 7783 12427 14404 16044 16714
2, 9, 3514 13069 17893
2, 9, 3521 8214 9468
2, 9, 3541 4860 17314
2, 9, 3543 5140 10328
2, 9, 3607 11379 19685
2, 9, 3620 5750 16463 18265
2, 9, 3620 5750 8134 8609 18063 18265
2, 9, 3620 8219 16463
2, 9, 3620 8219 16765
2, 9, 3620 8219 18063
2, 9, 3638 6257 12342 14227
2, 9, 3638 6257 9497
2, 9, 3658 10153 17624
2, 9, 3675 4656 10501 10984
2, 9, 3685 12233 16999
2, 9, 3688 7847 12916
2, 9, 3713 3763 11561
2, 9, 3720 10591 18311
2, 9, 3724 19390 19419
2, 9, 3739 7264 14160
2, 9, 374 5581 7492
2, 9, 3780 6044 7495
2, 9, 3791 14905 15900
2, 9, 3796 5453 7240
2, 9, 3798 14090 18271
2, 9, 3866 8688 11523
2, 9, 3866 8688 16766
2, 9, 387 2783 15033 16849 19387
2, 9, 3885 4066 14622
2, 9, 3899 16179 16310
2, 9, 3904 6624 8298
2, 9, 392 11299 18683
2, 9, 3926 5355 14599 18049
2, 9, 3926 5355 5876 14599
2, 9, 3932 7455 7854 15853
2, 9, 3936 9429 9487
2, 9, 3962 4404 4676 12378
2, 9, 3989 9006 14753
2, 9, 4006 4662 6767 8687
2, 9, 4034 4923 5694 10120
2, 9, 407 490 1247 19203
2, 9, 4091 5397 11847
2, 9, 410 3145 6914 17173
2, 9, 4115 5652 17916
2, 9, 4116 12083 14796
2, 9, 4118 10845 15666
2, 9, 4148 18137 18284
2, 9, 4153 10421 16403
2, 9, 4159 11730 14650
2, 9, 4159 4751 11730
2, 9, 4160 8971 18408
2, 9, 4202 7338 8105 11838 14168 17544
2, 9, 4268 9897 11112 13891 19309
2, 9, 4272 6519 17755
2, 9, 4303 11557 16495
2, 9, 4305 4895 12925
2, 9, 4335 7038 8514
2, 9, 4335 8514 17834
2, 9, 4340 4673 7761
2, 9, 4341 15484 18094
2, 9, 4395 11420 13705
2, 9, 440 6968 14834
2, 9, 443 1621 1677
2, 9, 4441 11068 12283
2, 9, 4441 6904 7009 18496
2, 9, 4441 7009 12283
2, 9, 4485 7403 16520 18869
2, 9, 4500 8049 19358
2, 9, 4509 4569 19540
2, 9, 4514 15019 18329
2, 9, 4538 5791 7477 16401
2, 9, 4538 7039 7477 14978 16401
2, 9, 4563 9897 11112
2, 9, 4573 15296 16779
2, 9, 4574 5437 7530
2, 9, 463 9723 12748
2, 9, 4654 5784 11801
2, 9, 466 1049 3006
2, 9, 4670 7236 9982
2, 9, 4673 7761 12488
2, 9, 4697 5140 10328
2, 9, 475 7807 11233
2, 9, 4757 4774 11388
2, 9, 4758 7639 14960
2, 9, 4772 6683 18047
2, 9, 4779 6405 15722
2, 9, 4828 19277 19397
2, 9, 4836 6366 7392
2, 9, 489 1797 13403
2, 9, 4897 12500 13716
2, 9, 4897 5844 13716
2, 9, 4916 5572 7355
2, 9, 4923 14403 18168
2, 9, 4923 5694 14403
2, 9, 4958 11204 15828
2, 9, 4960 6744 9588
2, 9, 5008 7307 12507
2, 9, 5019 5844 11845
2, 9, 5086 13806 17640
2, 9, 5090 5591 18840
2, 9, 5208 9470 9925
2, 9, 530 6147 10702 11497
2, 9, 5355 14599 17327 18049
2, 9, 5373 9947 15023
2, 9, 5374 16632 18535
2, 9, 5394 6340 7754 18927
2, 9, 5401 10666 19243
2, 9, 5401 19123 19243
2, 9, 5427 16307 18490
2, 9, 5432 12675 17591
2, 9, 5432 7746 11940
2, 9, 5438 8994 13718
2, 9, 5472 7919 10715
2, 9, 5526 7954 10245
2, 9, 557 5892 12540
2, 9, 5585 15085 16780
2, 9, 5598 5950 6019 7981
2, 9, 5627 10922 18966
2, 9, 5653 12534 12568
2, 9, 5661 5877 7319
2, 9, 5674 7619 12270 12869
2, 9, 5690 7718 13191
2, 9, 5750 6703 16463 18265
2, 9, 578 3081 6681 9624
2, 9, 5791 16401 17373
2, 9, 5798 8131 13669
2, 9, 5810 9182 12200
2, 9, 5815 6562 8286
2, 9, 5844 11179 12500 13716 15034
2, 9, 5844 11845 13716 15034
2, 9, 5857 6503 18322
2, 9, 5892 10546 12540
2, 9, 5914 7683 13608
2, 9, 5926 15380 15913
2, 9, 5936 6364 11050
2, 9, 5974 10086 13544
2, 9, 5974 13544 14656
2, 9, 5981 7911 11869
2, 9, 6 8067 15319
2, 9, 6027 10195 13885 16727
2, 9, 6030 11761 13431
2, 9, 6082 7507 11191
2, 9, 61 3786 13791
2, 9, 6136 9649 18348
2, 9, 6150 9967 11382
2, 9, 6152 9274 17783 18836
2, 9, 6161 10657 16886
2, 9, 6179 7879 13985
2, 9, 6180 16743 17563
2, 9, 621 4441 6904 9873 13814 16340 18496
2, 9, 621 6766 7929 13814 16340 17166
2, 9, 621 6766 7929 9873 13814 16340 18496
2, 9, 621 6904 7929 9873 13814 16340 18496
2, 9, 6228 16709 17565
2, 9, 6256 6851 17446 18259
2, 9, 6257 9497 12342 14227
2, 9, 6259 16782 17444 18552
2, 9, 627 6808 16827
2, 9, 6286 7718 13191
2, 9, 632 4463 9472
2, 9, 6329 10678 14729
2, 9, 635 9620 13549
2, 9, 6358 18531 18553
2, 9, 6393 8179 19295
2, 9, 6448 8619 11769
2, 9, 6464 11008 14997
2, 9, 647 10404 16112
2, 9, 651 2134 7716 8946 12641 15834
2, 9, 651 2134 7716 8946 15504 15834
2, 9, 651 2134 8946 10103 15504
2, 9, 651 7716 8946 12641 15504 15834
2, 9, 6568 15484 18094
2, 9, 6577 11180 11978
2, 9, 6602 12307 17358
2, 9, 6624 8298 10275
2, 9, 6624 8298 18675
2, 9, 6671 9475 10550 13654
2, 9, 6711 17327 18049
2, 9, 6736 10499 17191
2, 9, 6742 9391 12686
2, 9, 6768 10361 11201 17055
2, 9, 679 9482 12865
2, 9, 6794 8042 12517 15804
2, 9, 682 13934 17136
2, 9, 6832 7127 14996
2, 9, 685 8835 9827
2, 9, 6869 12020 13788
2, 9, 687 1807 6687
2, 9, 6925 13237 13496
2, 9, 6931 11269 15735
2, 9, 6940 18320 19296
2, 9, 6948 9771 13832
2, 9, 7009 11068 12283
2, 9, 712 1908 13311 18789
2, 9, 7168 7764 14593
2, 9, 7168 7764 8291
2, 9, 7212 10728 16343
2, 9, 7220 15401 18612
2, 9, 7220 15770 18612
2, 9, 7247 13070 17095
2, 9, 7249 9707 16699
2, 9, 726 6951 13168
2, 9, 7282 13118 14310
2, 9, 731 4260 10961
2, 9, 7321 12293 17807
2, 9, 7338 7355 8105 11838 14168
2, 9, 7362 10639 11462
2, 9, 7378 16127 19398
2, 9, 7399 18933 19532
2, 9, 7408 14113 19195
2, 9, 742 5035 6745
2, 9, 7421 7885 16749 19017
2, 9, 7437 12826 17092
2, 9, 7446 14980 16256 17419
2, 9, 7481 14723 14747 17829
2, 9, 7526 12470 13873 18041 18235
2, 9, 763 10142 19106
2, 9, 7639 8219 16765
2, 9, 7708 10872 14899
2, 9, 7716 10557 12641
2, 9, 7716 12641 15834 16497
2, 9, 7765 12606 15999
2, 9, 7765 9207 10602
2, 9, 778 6592 16525
2, 9, 7783 16044 16240 16714
2, 9, 7783 16240 16641 16714
2, 9, 7785 8290 14902
2, 9, 7897 14316 18660
2, 9, 7903 8090 10967 13296
2, 9, 7903 8090 11380 13296
2, 9, 7929 9054 17166
2, 9, 7935 13410 19263
2, 9, 7998 15690 15926
2, 9, 8051 9581 12991 13475
2, 9, 8071 10679 11487
2, 9, 8127 9248 18985
2, 9, 8153 8422 13846
2, 9, 8179 8328 19295
2, 9, 8217 14417 16793
2, 9, 8238 8699 16267
2, 9, 825 11800 14772 16791 17129
2, 9, 825 11800 16791 18995
2, 9, 825 7741 11800
2, 9, 8284 13230 14161
2, 9, 8298 11175 18675
2, 9, 8328 9373 19295
2, 9, 835 1503 8816
2, 9, 837 11361 12557 17472
2, 9, 8377 12007 12473
2, 9, 838 1619 19287
2, 9, 838 1619 7124
2, 9, 8383 13543 16926
2, 9, 8395 11253 15262
2, 9, 840 6679 10151
2, 9, 8408 9630 13094
2, 9, 8484 14952 17024 17961
2, 9, 8484 8538 17024
2, 9, 8529 18012 18518
2, 9, 853 8894 11670
2, 9, 8583 9404 11011 11013
2, 9, 8617 8820 11629 18506
2, 9, 8651 10776 13313
2, 9, 8677 10148 11420 18213
2, 9, 8677 11420 13705
2, 9, 8695 13132 14564
2, 9, 872 13421 13531
2, 9, 8856 9862 10233
2, 9, 8867 9243 9789
2, 9, 8896 13782 15282 18199
2, 9, 8917 10461 16256 17419
2, 9, 892 19457 19543
2, 9, 892 4690 19543
2, 9, 892 8060 19457
2, 9, 8935 14213 17365
2, 9, 8941 10130 14255 14286 16367 17537 18602
2, 9, 8941 14255 16367 18140 18602
2, 9, 8941 9390 10130 12759 14255 14286 18602
2, 9, 8941 9390 10130 12759 14286 17537
2, 9, 8941 9390 10130 14255 14286 17537 18602
2, 9, 8958 9605 12640
2, 9, 897 4964 11630
2, 9, 8988 11812 17499
2, 9, 9013 10744 13145
2, 9, 9028 12085 14638 16219
2, 9, 9032 10378 10569
2, 9, 9052 14736 16819
2, 9, 9062 11315 16555 19093
2, 9, 9081 11730 14650
2, 9, 9081 13759 14650
2, 9, 9157 10359 10988
2, 9, 9170 9898 11163 12643
2, 9, 9175 13047 18491
2, 9, 9182 12200 15595
2, 9, 9191 9390 10130 12759
2, 9, 9315 16643 18541
2, 9, 9362 12928 19270 19536
2, 9, 9390 10130 12759 17537 17607
2, 9, 9416 19277 19397
2, 9, 9447 13453 18273
2, 9, 95 5532 9743
2, 9, 9530 12116 15901
2, 9, 956 6796 19121
2, 9, 9614 12541 14549 19471 19562
2, 9, 962 6596 10732
2, 9, 9632 13521 16650
2, 9, 9637 11845 13716 15034
2, 9, 9658 10752 11154 14569
2, 9, 9658 10752 11154 15306
2, 9, 9658 11154 12906
2, 9, 9674 11223 11924
2, 9, 9705 12760 13000 14093
2, 9, 974 12287 18637
2, 9, 974 4115 5652 18637
2, 9, 974 4335 7038 18637
2, 9, 9746 11782 15615
2, 9, 9776 11932 13068
2, 9, 9797 13579 19548
2, 9, 9826 10518 11696 15202 19020
2, 9, 9829 10822 17039
2, 9, 988 11325 14939
2, 9, 9889 14511 16725
3, 10, 10122 11001 18134
3, 10, 10131 12406 13072
3, 10, 10153 10521 17624
3, 10, 10156 14445 16616
3, 10, 102 7006 8740 14556
3, 10, 1022 16667 18513
3, 10, 10227 17671 17857
3, 10, 10256 12606 15999
3, 10, 10319 12211 14529
3, 10, 10378 10569 13937 18843
3, 10, 1038 13193 15031
3, 10, 10397 10693 15771
3, 10, 10397 10693 19388
3, 10, 10424 13525 14316
3, 10, 1046 10917 19436
3, 10, 105 8359 13539
3, 10, 10518 11696 14401 19020
3, 10, 10521 16791 18995
3, 10, 10521 17624 18995
3, 10, 10557 12136 12641
3, 10, 1059 14434 15363
3, 10, 10591 17908 18311
3, 10, 10637 14776 16572
3, 10, 10657 11582 16886
3, 10, 1073 1713 11324
3, 10, 10769 14602 19909
3, 10, 10787 19018 19925
3, 10, 10789 14609 18664
3, 10, 10847 10969 16731
3, 10, 10875 12782 16049
3, 10, 10902 13746 14130
3, 10, 10935 18104 18343
3, 10, 10949 11899 14848
3, 10, 1098 5432 17591
3, 10, 10985 12750 14553
3, 10, 1099 11797 13110 19769
3, 10, 11008 14349 14997
3, 10, 11030 13025 15656
3, 10, 11121 11246 12647
3, 10, 1115 4749 4870
3, 10, 11179 12500 14981
3, 10, 1122 3202 4136
3, 10, 11235 13884 14886
3, 10, 1128 2201 8151 11385
3, 10, 11297 12712 15162 19032
3, 10, 1132 11616 15685
3, 10, 11327 13295 16207
3, 10, 11352 13569 18813
3, 10, 11401 15165 18527
3, 10, 1141 3803 6776 11738
3, 10, 1142 1530 3413
3, 10, 11451 14865 14966 15411 16000
3, 10, 11509 13746 14130
3, 10, 11578 11774 12063 12271 14290 17465 17693 17731
3, 10, 1162 7613 13796 15888 16344
3, 10, 11634 14161 19856
3, 10, 11697 12922 18182
3, 10, 11736 17959 18077
3, 10, 11746 11901 19406
3, 10, 1175 2613 4505
3, 10, 11797 13110 14168 19769
3, 10, 1180 2043 4988
3, 10, 11838 13110 14168 19769
3, 10, 1187 3525 5281 8667 15606
3, 10, 11891 14365 17888
3, 10, 11898 13948 18719
3, 10, 11900 13560 15138
3, 10, 1209 1586 7258
3, 10, 12141 16192 19496
3, 10, 12172 12305 19499
3, 10, 12383 15461 16763
3, 10, 1245 9599 17130
3, 10, 1252 12206 12285
3, 10, 12572 13513 16743
3, 10, 12572 16743 17563
3, 10, 1261 6997 18680
3, 10, 12797 12952 13998
3, 10, 12825 16239 19555
3, 10, 1286 16726 17943
3, 10, 1288 5305 11337
3, 10, 1296 6524 10187
3, 10, 1308 4698 16248
3, 10, 13121 13771 16176
3, 10, 1324 2118 19233
3, 10, 13357 15654 16715
3, 10, 13381 14342 17941
3, 10, 1346 5438 5891
3, 10, 1346 5438 8994
3, 10, 13612 15048 19210
3, 10, 13626 13742 16169 18464
3, 10, 13688 18115 19105
3, 10, 13694 17655 19254
3, 10, 13736 13770 19142
3, 10, 13759 19360 19880
3, 10, 1384 18088 19160
3, 10, 13866 15059 17517
3, 10, 13884 14886 16507
3, 10, 13949 15157 18422
3, 10, 1406 2773 12256
3, 10, 14124 14264 16790
3, 10, 14138 16479 18921
3, 10, 1414 2537 12483 15880 18732 18898 19570
3, 10, 1414 2537 8997 15880 18732 19570
3, 10, 14197 15380 15913
3, 10, 142 1204 2778 9945
3, 10, 142 824 1204 2778
3, 10, 14286 16367 17537 18602 19513
3, 10, 1437 4468 17599
3, 10, 1451 17139 19502
3, 10, 14549 17434 19471 19562
3, 10, 14599 17327 18049
3, 10, 14657 15971 16197
3, 10, 14757 15048 19210
3, 10, 14772 16791 17129 17726
3, 10, 148 1123 10880
3, 10, 1488 3366 5548
3, 10, 14946 16223 18913
3, 10, 1498 6997 18680
3, 10, 1499 6284 17800
3, 10, 15016 16452 18263
3, 10, 1506 2781 4889
3, 10, 1507 7961 8495 9013
3, 10, 15085 16780 19456
3, 10, 15086 17402 19026
3, 10, 15184 16409 18766
3, 10, 153 2062 12811
3, 10, 15314 17537 17607
3, 10, 1536 2801 4659
3, 10, 15529 15642 16060 16066
3, 10, 1570 2218 6996 13301
3, 10, 1570 2218 6996 15314
3, 10, 1570 3863 13301
3, 10, 15701 17669 18179
3, 10, 1575 7520 9310 11714
3, 10, 1579 6840 19483
3, 10, 1582 7122 9718
3, 10, 1587 2151 2874 18967
3, 10, 1599 4177 15146
3, 10, 1604 3658 10153
3, 10, 1610 12560 14165 18344
3, 10, 1615 6814 14381 19694
3, 10, 1640 2245 7351 17230
3, 10, 1640 3211 4394 7351 17230
3, 10, 1642 9351 17917
3, 10, 1646 6364 7062 12245
3, 10, 1646 7062 12245 13504
3, 10, 167 881 9173
3, 10, 16778 17067 18176
3, 10, 16791 17726 18995
3, 10, 1691 6031 14491
3, 10, 1696 5381 6563 16706
3, 10, 1702 3499 15184
3, 10, 1725 6381 14394
3, 10, 17537 17607 19513
3, 10, 17573 17859 19048
3, 10, 1765 10697 11451 14865 14966 16000
3, 10, 1772 5990 11600
3, 10, 1797 13403 15012
3, 10, 1807 5403 6687
3, 10, 1824 3518 3781
3, 10, 1824 3781 14679
3, 10, 1839 11036 18142
3, 10, 1846 5198 6332
3, 10, 1851 4105 10883 18354 19624
3, 10, 1863 7790 11969 16978
3, 10, 18670 18881 19619
3, 10, 1883 3433 11089
3, 10, 189 14294 18001
3, 10, 1890 4315 12845
3, 10, 1890 6414 12845 13016
3, 10, 1891 8502 18347
3, 10, 1911 4288 11907
3, 10, 196 1111 15188
3, 10, 1960 2479 8553
3, 10, 1967 7188 10312
3, 10, 197 2937 18051
3, 10, 1982 4599 18833
3, 10, 1983 2590 13271
3, 10, 1985 4739 12334
3, 10, 2003 3020 3078 5733 13044 14264 16325 16790 19895
3, 10, 2015 12346 18726
3, 10, 2016 12131 18736
3, 10, 2025 6214 6581
3, 10, 2029 12976 13667
3, 10, 2033 4736 7171
3, 10, 2037 3567 4308 6774 9830
3, 10, 2037 6774 15573
3, 10, 2069 7288 10553 13112 13493
3, 10, 2083 8301 19479
3, 10, 2085 4770 11137
3, 10, 2087 2450 3749 5424
3, 10, 2099 18293 19507
3, 10, 2109 10499 14335
3, 10, 211 604 2500
3, 10, 2111 13200 13663
3, 10, 2116 13025 15656
3, 10, 2127 2579 12197
3, 10, 2127 3158 4574 5032 6691 7530 12197
3, 10, 2139 4916 19085
3, 10, 2139 4916 5572
3, 10, 2186 4786 6153 14111
3, 10, 2192 6833 10456
3, 10, 2194 9494 10203 17763
3, 10, 2201 6070 8151 11385
3, 10, 2218 15314 17607
3, 10, 2218 17607 19513
3, 10, 2222 16883 19349
3, 10, 2222 3555 19349
3, 10, 2244 9904 15582
3, 10, 2245 9698 15194
3, 10, 2261 2729 5285
3, 10, 2294 3688 8658
3, 10, 2294 8184 13077
3, 10, 2294 8184 8658
3, 10, 2307 4172 6874 10409
3, 10, 2332 12308 16666
3, 10, 2397 9813 12570
3, 10, 2404 6172 14522
3, 10, 2486 5041 13051
3, 10, 2492 8125 16337
3, 10, 2510 5395 16091
3, 10, 2510 5395 16881
3, 10, 2514 7929 17166
3, 10, 2514 8895 9054
3, 10, 2514 9054 17166
3, 10, 2540 2899 6864 8444
3, 10, 2546 4470 15316
3, 10, 2546 4470 16514
3, 10, 2595 3338 7190
3, 10, 2619 6493 13639
3, 10, 2632 14890 18428
3, 10, 266 13917 18671
3, 10, 268 6703 16463
3, 10, 2712 15802 17195
3, 10, 2713 3863 13301
3, 10, 2723 11726 14869
3, 10, 2723 11726 15762
3, 10, 2723 13973 14869
3, 10, 2723 13973 15762
3, 10, 2750 3388 6298
3, 10, 2783 8741 9805 15033 16240 16641 16849 19387
3, 10, 2783 9081 14650 15033
3, 10, 2783 9081 15033 19387
3, 10, 2830 12549 16119
3, 10, 2843 4977 5709
3, 10, 2861 3422 17672
3, 10, 2895 8858 9801
3, 10, 2932 7749 11244
3, 10, 2940 5621 6353
3, 10, 2948 5240 6554 17094
3, 10, 2963 6331 12620
3, 10, 297 2122 2224 11492 13909
3, 10, 2984 8248 14554
3, 10, 3015 3796 5453 13420
3, 10, 3027 10830 18399
3, 10, 3054 4404 4676 12378
3, 10, 3062 13551 15908
3, 10, 3062 15908 18028
3, 10, 3094 5045 10680
3, 10, 3094 7773 10680
3, 10, 3133 8898 11132
3, 10, 3140 3297 16178
3, 10, 3144 10912 13020
3, 10, 3191 3962 9435
3, 10, 3215 5434 10475 14188 14264
3, 10, 3216 15908 18028
3, 10, 322 1282 2881 11471
3, 10, 3223 4684 12512 12835 14044
3, 10, 3223 6525 12512 12835 14044
3, 10, 325 3296 15356
3, 10, 3268 10763 18587
3, 10, 3271 4284 18778
3, 10, 3280 3308 5888
3, 10, 3288 4424 6155 11662
3, 10, 3288 6155 18912
3, 10, 329 1604 3640 11764
3, 10, 329 3640 4202 7338 11838 14168 17544
3, 10, 329 3640 9416 11764
3, 10, 329 3640 9416 17544
3, 10, 329 9416 11764 19277
3, 10, 3311 10879 13851
3, 10, 3366 3473 5548 18648
3, 10, 337 4701 15329
3, 10, 3403 17633 19316
3, 10, 3407 7810 8461
3, 10, 3417 10794 17542 18746
3, 10, 3430 13772 14580
3, 10, 348 9344 14201
3, 10, 3495 4627 8885 11039 16655
3, 10, 3506 10834 16588 17855
3, 10, 3512 6337 12427 13537 14404 16044 16724
3, 10, 3512 6337 7783 12427 14404 16044 16714
3, 10, 3514 13069 17893
3, 10, 3521 8214 9468
3, 10, 3541 4860 17314
3, 10, 3543 5140 10328
3, 10, 3607 11379 19685 19951
3, 10, 3620 5750 16463 18265
3, 10, 3620 5750 8134 8609 18063 18265
3, 10, 3620 8219 16765
3, 10, 3620 8219 18063
3, 10, 3638 6257 12342 14227
3, 10, 3658 10153 17624
3, 10, 3675 4656 10501 10984
3, 10, 3678 4389 19971
3, 10, 3685 12233 16999
3, 10, 3713 3763 11561
3, 10, 3720 10591 18311
3, 10, 3724 19390 19419
3, 10, 3739 7264 14160
3, 10, 3780 6044 7495
3, 10, 3791 14905 15900
3, 10, 3796 5453 7240
3, 10, 3798 14090 18271
3, 10, 3866 8688 11523
3, 10, 3866 8688 16766
3, 10, 387 2783 15033 16849 19387
3, 10, 3885 4066 14622
3, 10, 3899 16179 16310
3, 10, 3904 6624 8298
3, 10, 392 11299 18683
3, 10, 3926 5355 5876 14599
3, 10, 3932 7455 7854 15853
3, 10, 3936 9429 9487
3, 10, 3962 4404 4676 12378
3, 10, 3989 9006 14753
3, 10, 4006 4662 6767 8687
3, 10, 4034 4923 5694 10120
3, 10, 407 490 1247 19203
3, 10, 4091 5397 11847
3, 10, 410 3145 6914 17173
3, 10, 4115 5652 17916
3, 10, 4116 12083 14796
3, 10, 4118 10845 15666
3, 10, 4148 18137 18284
3, 10, 4153 10421 16403
3, 10, 4159 11730 14650
3, 10, 4159 4751 11730
3, 10, 4160 8971 18408
3, 10, 4202 7338 8105 11838 14168 17544
3, 10, 4268 9897 11112 13891 19309
3, 10, 4272 6519 17755
3, 10, 4303 11557 16495
3, 10, 4305 4895 12925
3, 10, 4335 7038 8514
3, 10, 4335 8514 17834
3, 10, 4340 4673 7761
3, 10, 4341 15484 18094
3, 10, 440 6968 14834
3, 10, 443 1621 1677
3, 10, 4441 6904 7009
3, 10, 4441 7009 12283
3, 10, 4485 7403 16520 18869
3, 10, 4500 8049 19358
3, 10, 4509 4569 19540
3, 10, 4514 15019 18329
3, 10, 4538 7039 7477 14978 16401
3, 10, 4563 9897 11112
3, 10, 4573 15296 16779
3, 10, 4574 5437 7530
3, 10, 463 9723 12748
3, 10, 4654 5784 11801
3, 10, 466 1049 3006
3, 10, 4670 7236 9982
3, 10, 4673 7761 12488
3, 10, 4697 5140 10328
3, 10, 475 5040 7807
3, 10, 475 7807 11233
3, 10, 4757 4774 11388
3, 10, 4772 6683 18047
3, 10, 4779 6405 15722
3, 10, 4828 19277 19397
3, 10, 4836 6366 7392
3, 10, 489 1797 13403
3, 10, 4897 12500 13716
3, 10, 4897 5844 13716
3, 10, 4916 5572 7355
3, 10, 4923 14403 18168
3, 10, 4923 5694 14403
3, 10, 4958 11204 15828
3, 10, 4960 6744 18328
3, 10, 4960 6744 9588
3, 10, 5019 5844 11845
3, 10, 5086 11447 17640
3, 10, 5086 13806 17640
3, 10, 5090 5591 18840 19887
3, 10, 5208 9470 9925
3, 10, 5210 7782 19990
3, 10, 530 6147 10702 11497
3, 10, 5355 14599 17327
3, 10, 5373 9947 15023
3, 10, 5374 16632 18535
3, 10, 5394 6340 7754 18927
3, 10, 5401 10666 19243
3, 10, 5401 19123 19243
3, 10, 5427 16307 18490
3, 10, 5432 12675 17591
3, 10, 5432 7746 11940
3, 10, 5434 10475 14188 14264 16790
3, 10, 5438 8994 13718
3, 10, 5472 7919 10715
3, 10, 5526 7954 10245
3, 10, 557 5892 12540
3, 10, 5585 15085 16780
3, 10, 5598 5950 6019 7981
3, 10, 5627 10922 18966
3, 10, 5653 12534 12568
3, 10, 5661 5877 7319
3, 10, 5674 7619 12270 12869
3, 10, 5690 7718 13191
3, 10, 5720 8871 8889
3, 10, 578 3081 6681 9624
3, 10, 5791 16401 17373
3, 10, 5791 7477 14978 16401
3, 10, 5798 8131 13669
3, 10, 5810 9182 12200
3, 10, 5815 6562 8286
3, 10, 5844 11179 12500 13716 15034
3, 10, 5844 11845 13716 15034
3, 10, 5857 6503 18322
3, 10, 5892 10546 12540
3, 10, 5914 7683 13608
3, 10, 5926 15380 15913
3, 10, 5936 6364 11050
3, 10, 5974 10086 13544
3, 10, 5981 7911 11869
3, 10, 6 8067 15319
3, 10, 6027 10195 13885 16727
3, 10, 6030 11761 13431
3, 10, 6082 7507 11191
3, 10, 61 3786 13791
3, 10, 6136 9649 18348
3, 10, 6150 9967 11382
3, 10, 6152 9274 17783 18836
3, 10, 6161 10657 16886
3, 10, 6179 7879 13985
3, 10, 6180 13513 16743
3, 10, 6180 16743 17563
3, 10, 621 4441 6904 9873 13814 16340 18496
3, 10, 621 6766 6904 7929 9873 13814 16340 18496
3, 10, 621 6766 7929 13814 16340 17166
3, 10, 6228 16709 17565
3, 10, 6256 6851 17446 18259
3, 10, 6257 9497 12342 14227
3, 10, 6259 16782 17444 18552
3, 10, 6286 7718 13191
3, 10, 6329 10678 14729
3, 10, 635 9620 13549
3, 10, 6358 18531 18553
3, 10, 6393 8179 19295
3, 10, 6448 8619 11769
3, 10, 6464 11008 14997
3, 10, 647 10404 16112
3, 10, 651 2134 7716 8946 12641 15834
3, 10, 651 2134 7716 8946 15504 15834
3, 10, 651 2134 8946 10103 15504
3, 10, 651 7716 8946 12641 15504 15834
3, 10, 6568 15484 18094
3, 10, 6577 11180 11978
3, 10, 6602 12307 17358
3, 10, 6624 8298 10275
3, 10, 6624 8298 18675
3, 10, 6671 9475 10550 13654
3, 10, 6703 11720 16463
3, 10, 6703 16463 18265
3, 10, 6711 17327 18049
3, 10, 6742 9391 12686
3, 10, 6768 10361 11201 17055
3, 10, 679 9482 12865
3, 10, 6794 8042 12517 15804
3, 10, 682 13934 17136
3, 10, 6832 7127 14996
3, 10, 685 8835 9827
3, 10, 6869 12020 13788
3, 10, 687 1807 6687
3, 10, 6925 13237 13496
3, 10, 6931 11269 15735
3, 10, 6940 18320 19296
3, 10, 6948 9771 13832
3, 10, 7009 11068 12283
3, 10, 712 1908 13311 18789
3, 10, 7168 7764 14593
3, 10, 7168 7764 8291
3, 10, 717 1887 13644
3, 10, 7212 10728 16343
3, 10, 7220 15401 18612
3, 10, 7220 15770 18612
3, 10, 7247 13070 17095
3, 10, 7249 9707 16699
3, 10, 726 6951 13168
3, 10, 7282 13118 14310
3, 10, 731 4260 10961
3, 10, 7321 12293 17807
3, 10, 7338 7355 8105
3, 10, 7362 10639 11462
3, 10, 7378 16127 19398
3, 10, 7399 18933 19532
3, 10, 7408 14113 19195
3, 10, 742 5035 6745
3, 10, 7421 7885 16749 19017
3, 10, 7437 12826 17092
3, 10, 7446 14980 16256 17419
3, 10, 7481 14723 14747 17829
3, 10, 7526 12470 13873 18041 18235
3, 10, 763 10142 19106
3, 10, 7708 10872 14899
3, 10, 7716 10557 12641
3, 10, 7716 12641 15834 16497
3, 10, 7740 9528 11158
3, 10, 7765 12606 15999
3, 10, 7765 9207 10602
3, 10, 7773 10680 15290
3, 10, 778 6592 16525
3, 10, 7783 16240 16641 16714
3, 10, 7785 8290 14902
3, 10, 7854 15853 19970
3, 10, 7897 14316 18660
3, 10, 7903 8090 10967 13296
3, 10, 7903 8090 11380 13296
3, 10, 7929 9054 17166
3, 10, 7935 13410 19263
3, 10, 7998 15690 15926
3, 10, 8051 9581 13475
3, 10, 8071 10679 11487
3, 10, 8127 9248 18985
3, 10, 8153 8422 13846
3, 10, 8179 8328 19295
3, 10, 8217 14417 16793
3, 10, 8238 8699 16267
3, 10, 825 11800 14772 16791 17129
3, 10, 825 11800 16791 18995
3, 10, 825 7741 11800
3, 10, 8284 13230 14161 19856
3, 10, 8284 13230 19920
3, 10, 8298 11175 18675
3, 10, 835 1503 8816
3, 10, 837 11361 12557
3, 10, 8377 12007 12473
3, 10, 838 1619 14590
3, 10, 838 1619 19287
3, 10, 838 1619 7124
3, 10, 8383 13543 16926
3, 10, 8395 11253 15262
3, 10, 840 6679 10151
3, 10, 8408 9630 13094
3, 10, 8484 14952 17024 17961
3, 10, 8484 8538 17024
3, 10, 8529 18012 18518
3, 10, 853 8894 11670
3, 10, 8583 9404 11011 11013
3, 10, 8617 8820 11629 18506
3, 10, 8631 13579 19548
3, 10, 8651 10776 13313
3, 10, 8677 10148 11420 13071 18213
3, 10, 8677 11420 13705
3, 10, 8695 13132 13861
3, 10, 8695 13132 14564
3, 10, 872 13421 13531
3, 10, 8856 9862 10233
3, 10, 8867 9243 9789
3, 10, 8896 13782 15282 18199
3, 10, 8917 10461 16256 17419
3, 10, 892 19457 19543
3, 10, 892 8060 19457
3, 10, 8935 14213 17365
3, 10, 8941 14255 14286 16367 18140 18602
3, 10, 8941 9390 10130 12759 14255 14286 18602
3, 10, 8941 9390 10130 12759 14286 17537 18602
3, 10, 8941 9390 10130 14255 14286 16367 18602
3, 10, 8941 9390 10130 14286 16367 17537 18602
3, 10, 8958 9605 12640
3, 10, 897 4964 11630
3, 10, 8988 11812 17499
3, 10, 8994 13718 19892
3, 10, 9013 10744 13145
3, 10, 9028 12085 14638 16219
3, 10, 9032 10378 10569
3, 10, 9052 11011 11013
3, 10, 9052 14736 16819
3, 10, 9062 11315 16555 19093
3, 10, 9081 11730 14650 19880
3, 10, 9081 13759 14650 19880
3, 10, 9157 10359 10988
3, 10, 9170 9898 11163 12643
3, 10, 9175 13047 18491
3, 10, 9182 12200 15595
3, 10, 9191 9390 10130 12759
3, 10, 9315 16643 18541
3, 10, 9353 18536 19922
3, 10, 9362 12928 19270 19536
3, 10, 9390 10130 12759 17537 17607
3, 10, 9416 19277 19397
3, 10, 9447 13453 18273
3, 10, 95 5532 9743
3, 10, 9530 12116 15901
3, 10, 956 6796 19121
3, 10, 9581 12991 13475
3, 10, 9614 12541 14549 19471 19562
3, 10, 9632 13521 16650
3, 10, 9637 11845 13716 15034
3, 10, 9649 12722 18348
3, 10, 9658 10752 11154 14569
3, 10, 9658 10752 11154 15306
3, 10, 9658 10752 14569 15306
3, 10, 9674 11223 11924
3, 10, 9705 12760 13000 14093
3, 10, 974 12287 18637
3, 10, 974 4115 5652 18637
3, 10, 974 4335 7038 18637
3, 10, 9746 11782 15615
3, 10, 9776 11932 13068
3, 10, 9826 10518 11696 15202 19020
3, 10, 9829 10822 17039
3, 10, 988 11325 14939
3, 10, 9889 14511 16725
