0, 3, 1099 11797 13110
0, 3, 1122 3202 4136
0, 3, 1132 11616 15685
0, 3, 11509 13746 14130
0, 3, 11774 12063 12271 17731
0, 3, 14723 14747 17829
0, 3, 1640 7351 17230
0, 3, 1851 4105 10883
0, 3, 1891 8502 18347
0, 3, 2069 10553 13112 13493
0, 3, 2087 2450 3749 5424
0, 3, 2127 3158 12197
0, 3, 2244 9904 15582
0, 3, 2294 8184 13077
0, 3, 2332 12308 16666
0, 3, 2783 15033 19387
0, 3, 2783 9805 19387
0, 3, 2895 8858 9801
0, 3, 297 2122 13909
0, 3, 297 2122 2224
0, 3, 3062 15908 18028
0, 3, 3158 5032 12197
0, 3, 3215 5434 10475 14188
0, 3, 3288 4424 6155 11662
0, 3, 329 3640 9416
0, 3, 3512 6337 12427 14404
0, 3, 3512 6337 12427 16044
0, 3, 3525 8667 15606
0, 3, 3675 4656 10501 10984
0, 3, 3866 8688 16766
0, 3, 3926 5355 14599
0, 3, 4153 10421 16403
0, 3, 4202 11838 14168
0, 3, 4202 7338 11838
0, 3, 4268 13891 19309
0, 3, 4305 4895 12925
0, 3, 4404 4676 12378
0, 3, 4485 7403 16520
0, 3, 4574 6691 7530
0, 3, 4670 7236 9982
0, 3, 5032 6691 12197
0, 3, 5598 5950 6019
0, 3, 578 3081 6681 9624
0, 3, 6 8067 15319
0, 3, 61 3786 13791
0, 3, 6179 7879 13985
0, 3, 621 9873 18496
0, 3, 6256 6851 18259
0, 3, 651 2134 8946
0, 3, 6766 7929 16340
0, 3, 6768 10361 11201 17055
0, 3, 712 1908 13311
0, 3, 7288 10553 13112 13493
0, 3, 7446 16256 17419
0, 3, 837 11361 12557
0, 3, 8395 11253 15262
0, 3, 8856 9862 10233
0, 3, 8896 13782 15282
0, 3, 9170 11163 12643
0, 3, 9191 9390 12759
0, 3, 9390 10130 12759
0, 3, 9705 13000 14093
0, 3, 9897 11112 19309
1, 4, 1099 11797 13110
1, 4, 1132 11616 15685
1, 4, 11578 12063 17465
1, 4, 11774 12063 12271 17731
1, 4, 14723 14747 17829
1, 4, 14865 14966 16000
1, 4, 1851 10883 19624
1, 4, 1851 4105 10883
1, 4, 1891 8502 18347
1, 4, 2069 10553 13112 13493
1, 4, 2087 2450 3749 5424
1, 4, 2127 3158 12197
1, 4, 2244 9904 15582
1, 4, 2332 12308 16666
1, 4, 2783 15033 19387
1, 4, 2783 9805 19387
1, 4, 2895 8858 9801
1, 4, 297 2122 2224 13909
1, 4, 3062 15908 18028
1, 4, 3078 5733 13044
1, 4, 3158 5032 12197
1, 4, 3215 5434 10475 14188
1, 4, 3288 4424 6155 11662
1, 4, 3512 6337 12427 14404
1, 4, 3512 6337 12427 16044
1, 4, 3525 8667 15606
1, 4, 3675 10501 10984
1, 4, 3675 4656 10501
1, 4, 4153 10421 16403
1, 4, 4202 7338 11838 14168
1, 4, 4268 13891 19309
1, 4, 4305 4895 12925
1, 4, 4404 4676 12378
1, 4, 4485 7403 16520
1, 4, 4574 6691 7530
1, 4, 4670 7236 9982
1, 4, 5032 6691 12197
1, 4, 578 3081 6681 9624
1, 4, 6 8067 15319
1, 4, 6179 7879 13985
1, 4, 6180 16743 17563
1, 4, 621 9873 18496
1, 4, 6256 6851 18259
1, 4, 651 2134 8946
1, 4, 6766 7929 16340
1, 4, 6768 10361 11201 17055
1, 4, 6904 9873 18496
1, 4, 712 1908 13311
1, 4, 7288 10553 13112 13493
1, 4, 7446 16256 17419
1, 4, 837 11361 12557
1, 4, 8395 11253 15262
1, 4, 8741 16240 16641
1, 4, 8856 9862 10233
1, 4, 8896 13782 15282
1, 4, 9170 11163 12643
1, 4, 9390 10130 12759
1, 4, 9705 13000 14093
1, 4, 9897 11112 19309
2, 5, 1099 11797 13110 19769
2, 5, 1132 11616 15685
2, 5, 11578 12063 12271
2, 5, 11578 12063 17465
2, 5, 11774 12063 12271 17731
2, 5, 12063 12271 17465
2, 5, 14723 14747 17829
2, 5, 14865 14966 16000
2, 5, 1851 10883 19624
2, 5, 1851 4105 10883
2, 5, 2069 10553 13112 13493
2, 5, 2087 2450 3749
2, 5, 2127 3158 12197
2, 5, 2151 2874 18967
2, 5, 2244 9904 15582
2, 5, 2332 12308 16666
2, 5, 2450 3749 5424
2, 5, 2783 15033 19387
2, 5, 2783 9805 19387
2, 5, 2895 8858 9801
2, 5, 297 2122 2224 13909
2, 5, 3062 15908 18028
2, 5, 3078 5733 13044
2, 5, 3158 5032 12197
2, 5, 3215 5434 10475 14188
2, 5, 325 3296 15356
2, 5, 3288 4424 6155 11662
2, 5, 3512 6337 12427 14404
2, 5, 3512 6337 12427 16044
2, 5, 3525 8667 15606
2, 5, 3675 4656 10501
2, 5, 4153 10421 16403
2, 5, 4160 8971 18408
2, 5, 4202 7338 11838 14168
2, 5, 4268 13891 19309
2, 5, 4305 4895 12925
2, 5, 4404 4676 12378
2, 5, 4485 7403 16520
2, 5, 4574 6691 7530
2, 5, 4670 7236 9982
2, 5, 5032 6691 12197
2, 5, 5674 7619 12270
2, 5, 578 3081 6681 9624
2, 5, 6179 7879 13985
2, 5, 6180 16743 17563
2, 5, 621 9873 18496
2, 5, 6256 6851 18259
2, 5, 6768 10361 17055
2, 5, 6768 11201 17055
2, 5, 6904 9873 18496
2, 5, 7288 10553 13112 13493
2, 5, 837 11361 12557
2, 5, 8395 11253 15262
2, 5, 8896 13782 15282
2, 5, 8941 14255 18602
2, 5, 9170 11163 12643
2, 5, 9390 10130 12759
2, 5, 9705 13000 14093
3, 6, 10553 13112 13493
3, 6, 1099 11797 13110 19769
3, 6, 11578 12063 12271
3, 6, 11578 12063 17465
3, 6, 11578 14290 17693
3, 6, 11774 12063 12271 17731
3, 6, 12063 12271 17465
3, 6, 14723 14747 17829
3, 6, 14865 14966 16000
3, 6, 1851 10883 19624
3, 6, 2069 10553 13112
3, 6, 2087 2450 3749
3, 6, 2122 2224 13909
3, 6, 2127 3158 12197
3, 6, 2151 2874 18967
3, 6, 2244 9904 15582
3, 6, 2332 12308 16666
3, 6, 2783 15033 19387
3, 6, 2783 9805 19387
3, 6, 2895 8858 9801
3, 6, 297 2122 2224
3, 6, 3062 15908 18028
3, 6, 3078 5733 13044 19895
3, 6, 3158 5032 12197
3, 6, 3215 5434 10475 14188
3, 6, 325 3296 15356
3, 6, 3288 4424 6155 11662
3, 6, 3512 6337 12427 14404
3, 6, 3512 6337 12427 16044
3, 6, 3525 8667 15606
3, 6, 3607 11379 19685
3, 6, 3607 19685 19951
3, 6, 3675 4656 10501
3, 6, 4153 10421 16403
3, 6, 4160 8971 18408
3, 6, 4202 7338 11838 14168
3, 6, 4268 13891 19309
3, 6, 4305 4895 12925
3, 6, 4404 4676 12378
3, 6, 4485 7403 16520
3, 6, 4574 6691 7530
3, 6, 4670 7236 9982
3, 6, 5032 6691 12197
3, 6, 5591 18840 19887
3, 6, 5674 7619 12270
3, 6, 578 3081 6681 9624
3, 6, 6179 7879 13985
3, 6, 6180 16743 17563
3, 6, 621 9873 18496
3, 6, 6256 6851 18259
3, 6, 6768 11201 17055
3, 6, 6904 9873 18496
3, 6, 7288 10553 13493
3, 6, 837 11361 12557
3, 6, 8395 11253 15262
3, 6, 8896 13782 15282
3, 6, 8941 14286 18602
3, 6, 9170 11163 12643
3, 6, 9390 10130 12759
3, 6, 9705 13000 14093
4, 7, 10553 13112 13493
4, 7, 1099 11797 13110 19769
4, 7, 11578 12063 12271 17465
4, 7, 11578 14290 17693
4, 7, 11774 12063 12271 17465
4, 7, 11774 12063 12271 17731
4, 7, 12383 15461 16763
4, 7, 14723 14747 17829
4, 7, 2003 13044 19895
4, 7, 2069 10553 13112
4, 7, 2087 2450 3749
4, 7, 2122 2224 13909
4, 7, 2127 3158 12197
4, 7, 2151 2874 18967
4, 7, 2244 9904 15582
4, 7, 2537 18732 19570
4, 7, 2783 15033 19387
4, 7, 2783 9805 19387
4, 7, 2895 8858 9801
4, 7, 297 2122 2224
4, 7, 3078 5733 13044 19895
4, 7, 3158 5032 12197
4, 7, 3215 5434 10475 14188
4, 7, 325 3296 15356
4, 7, 3288 4424 6155 11662
4, 7, 3512 6337 12427 14404
4, 7, 3512 6337 12427 16044
4, 7, 3525 8667 15606
4, 7, 3607 11379 19685 19951
4, 7, 3675 4656 10501
4, 7, 4153 10421 16403
4, 7, 4160 8971 18408
4, 7, 4202 7338 11838 14168
4, 7, 4268 13891 19309
4, 7, 4305 4895 12925
4, 7, 4404 4676 12378
4, 7, 4574 6691 7530
4, 7, 4670 7236 9982
4, 7, 490 1247 19203
4, 7, 5032 6691 12197
4, 7, 5591 18840 19887
4, 7, 5674 7619 12270
4, 7, 578 3081 6681 9624
4, 7, 6082 7507 11191
4, 7, 6179 7879 13985
4, 7, 621 13814 16340
4, 7, 621 9873 18496
4, 7, 6256 6851 18259
4, 7, 6766 13814 16340
4, 7, 6768 11201 17055
4, 7, 6904 9873 18496
4, 7, 7288 10553 13493
4, 7, 837 11361 12557
4, 7, 8395 11253 15262
4, 7, 8896 13782 15282
4, 7, 8941 14286 18602
4, 7, 9170 11163 12643
4, 7, 9390 10130 12759
4, 7, 9705 13000 14093
5, 8, 10553 13112 13493
5, 8, 10637 14776 16572
5, 8, 1099 11797 13110 19769
5, 8, 11121 11246 12647
5, 8, 11578 12063 12271
5, 8, 11578 14290 17693
5, 8, 11774 12063 12271 17465 17731
5, 8, 12383 15461 16763
5, 8, 14723 14747 17829
5, 8, 1615 6814 14381
5, 8, 1646 7062 12245
5, 8, 196 1111 15188
5, 8, 2003 13044 19895
5, 8, 2069 10553 13112
5, 8, 2087 2450 3749
5, 8, 2127 3158 12197
5, 8, 2151 2874 18967
5, 8, 2244 9904 15582
5, 8, 2537 18732 19570
5, 8, 2783 15033 19387
5, 8, 2783 16849 19387
5, 8, 2783 9805 19387
5, 8, 2895 8858 9801
5, 8, 3078 5733 19895
5, 8, 3158 5032 12197
5, 8, 3215 5434 10475 14188
5, 8, 325 3296 15356
5, 8, 3288 4424 6155 11662
5, 8, 3512 6337 12427 14404
5, 8, 3512 6337 12427 16044
5, 8, 3525 8667 15606
5, 8, 3607 11379 19685 19951
5, 8, 3675 4656 10501
5, 8, 4153 10421 16403
5, 8, 4202 7338 11838 14168
5, 8, 4268 13891 19309
5, 8, 4305 4895 12925
5, 8, 4404 4676 12378
5, 8, 4574 6691 7530
5, 8, 4654 5784 11801
5, 8, 4670 7236 9982
5, 8, 490 1247 19203
5, 8, 5032 6691 12197
5, 8, 5090 5591 18840
5, 8, 5591 18840 19887
5, 8, 5674 7619 12270
5, 8, 5733 13044 19895
5, 8, 578 3081 6681 9624
5, 8, 6082 7507 11191
5, 8, 6179 7879 13985
5, 8, 621 13814 16340
5, 8, 621 9873 18496
5, 8, 6256 6851 18259
5, 8, 6766 13814 16340
5, 8, 6768 11201 17055
5, 8, 6904 9873 18496
5, 8, 837 11361 12557
5, 8, 8395 11253 15262
5, 8, 8695 13132 14564
5, 8, 8896 13782 15282
5, 8, 8941 14286 18602
5, 8, 9170 11163 12643
5, 8, 9390 10130 12759
5, 8, 9705 13000 14093
6, 9, 10518 11696 19020
6, 9, 10553 13112 13493
6, 9, 10637 14776 16572
6, 9, 1099 13110 19769
6, 9, 11121 11246 12647
6, 9, 11578 12063 12271
6, 9, 11578 14290 17693
6, 9, 11774 12063 12271 17465 17731
6, 9, 11797 13110 19769
6, 9, 14723 14747 17829
6, 9, 1615 6814 14381
6, 9, 1646 7062 12245
6, 9, 196 1111 15188
6, 9, 2003 13044 19895
6, 9, 2069 10553 13112
6, 9, 2087 2450 3749
6, 9, 2127 3158 12197
6, 9, 2244 9904 15582
6, 9, 2537 18732 19570
6, 9, 2783 15033 16849 19387
6, 9, 2783 9805 19387
6, 9, 2895 8858 9801
6, 9, 3020 13044 19895
6, 9, 3158 5032 12197
6, 9, 3215 5434 10475 14188
6, 9, 3288 4424 6155 11662
6, 9, 3512 6337 12427 14404
6, 9, 3512 6337 12427 16044
6, 9, 3525 8667 15606
6, 9, 3607 11379 19685 19951
6, 9, 3675 4656 10501
6, 9, 4153 10421 16403
6, 9, 4202 7338 11838 14168
6, 9, 4268 13891 19309
6, 9, 4305 4895 12925
6, 9, 4404 4676 12378
6, 9, 4574 6691 7530
6, 9, 4670 7236 9982
6, 9, 5032 6691 12197
6, 9, 5090 5591 18840
6, 9, 5591 18840 19887
6, 9, 5674 7619 12270
6, 9, 5733 13044 19895
6, 9, 578 3081 6681 9624
6, 9, 6082 7507 11191
6, 9, 6179 7879 13985
6, 9, 621 6766 13814 16340
6, 9, 621 9873 16340
6, 9, 621 9873 18496
6, 9, 6256 6851 18259
6, 9, 6768 11201 17055
6, 9, 6904 9873 18496
6, 9, 837 11361 12557
6, 9, 8395 11253 15262
6, 9, 8695 13132 14564
6, 9, 8896 13782 15282
6, 9, 8941 14286 18602
6, 9, 9170 11163 12643
6, 9, 9390 10130 12759
6, 9, 9705 13000 14093
7, 10, 10518 11696 19020
7, 10, 10553 13112 13493
7, 10, 10637 14776 16572
7, 10, 1099 13110 19769
7, 10, 11179 12500 13716
7, 10, 11379 19685 19951
7, 10, 11578 12063 12271
7, 10, 11774 12063 12271 17465 17731
7, 10, 11797 13110 19769
7, 10, 14286 16367 18602
7, 10, 14723 14747 17829
7, 10, 1615 6814 14381
7, 10, 1646 7062 12245
7, 10, 196 1111 15188
7, 10, 2003 13044 19895
7, 10, 2069 10553 13112
7, 10, 2087 2450 3749
7, 10, 2127 3158 12197
7, 10, 2244 9904 15582
7, 10, 2537 18732 19570
7, 10, 2783 15033 16849 19387
7, 10, 2783 9805 19387
7, 10, 2895 8858 9801
7, 10, 3020 13044 19895
7, 10, 3158 5032 12197
7, 10, 3215 5434 10475 14188
7, 10, 3288 4424 6155 11662
7, 10, 3512 6337 12427 14404
7, 10, 3512 6337 12427 16044
7, 10, 3525 8667 15606
7, 10, 3607 19685 19951
7, 10, 3675 4656 10501
7, 10, 4153 10421 16403
7, 10, 4202 7338 11838
7, 10, 4268 13891 19309
7, 10, 4305 4895 12925
7, 10, 4574 6691 7530
7, 10, 4670 7236 9982
7, 10, 5032 6691 12197
7, 10, 5090 5591 18840
7, 10, 5591 18840 19887
7, 10, 5674 7619 12270
7, 10, 578 3081 6681 9624
7, 10, 6082 7507 11191
7, 10, 6179 7879 13985
7, 10, 621 6766 13814
7, 10, 621 6766 16340
7, 10, 621 9873 16340 18496
7, 10, 6256 6851 18259
7, 10, 6768 11201 17055
7, 10, 6904 9873 18496
7, 10, 7247 13070 17095
7, 10, 7338 11838 14168
7, 10, 7526 12470 18041
7, 10, 837 11361 12557
7, 10, 8395 11253 15262
7, 10, 8695 13132 14564
7, 10, 8896 13782 15282
7, 10, 8941 14286 18602
7, 10, 9170 11163 12643
7, 10, 9390 10130 12759
7, 10, 95 5532 9743
7, 10, 9658 10752 11154
7, 10, 9705 13000 14093
7, 10, 9826 10518 19020
7, 10, 988 11325 14939
