0, 4, 1013 1098 5432 12675 17591
0, 4, 10153 10521 10902 14130 16791 17624 17726 18995
0, 4, 1059 3272 14434 15363 17046
0, 4, 10902 11509 13746 14130 15502
0, 4, 10902 11509 13746 14130 16791 17726
0, 4, 10902 11509 13746 14130 17726 18995
0, 4, 10902 13746 14130 16791 17726 18995
0, 4, 10902 13746 14130 17624 18995
0, 4, 10949 11899 13120 14848 19271
0, 4, 1098 5432 7746 11940 12675 17591
0, 4, 1099 4202 7338 7355 8105 11797 11838 13110 14168 17544
0, 4, 11179 12500 13148 13716 14981
0, 4, 11235 13294 13884 14886 16507
0, 4, 1128 2201 6070 8151 11385
0, 4, 11295 12300 12369 16778 18176
0, 4, 11578 11774 12063 12271 13513 14290 17465 17693 17731
0, 4, 11578 12063 12572 13513 14290 17465 17693
0, 4, 1162 7613 13796 15888 16344
0, 4, 1175 2613 4505 11264 17662
0, 4, 1187 3525 5281 8667 15606
0, 4, 12172 12305 16382 17404 19499
0, 4, 12300 12369 16778 17067 18176
0, 4, 1346 5438 5891 8994 13718
0, 4, 1400 7249 10156 12085 14638 16699
0, 4, 1400 7249 10156 12085 16699 18844
0, 4, 1400 7249 10156 14445 16616 16699
0, 4, 1400 7249 10156 14445 16616 18844
0, 4, 1400 7249 10156 16616 16699 18844
0, 4, 1400 7249 12085 14638 16219
0, 4, 1400 7249 9707 14445 16616 16699
0, 4, 1400 7249 9707 15521 16699
0, 4, 1400 9028 10156 12085 14638 18844
0, 4, 1400 9028 12085 14638 16219 18844
0, 4, 1414 2537 8997 12483 15880 18732 18898
0, 4, 142 824 1204 2778 9945
0, 4, 1507 7961 8495 9013 13145
0, 4, 1570 2218 2713 3863 6996 13301 17537
0, 4, 1570 2218 3863 6996 13301 15314 17537 17607
0, 4, 1587 2151 2874 7568 18967
0, 4, 1604 3658 10153 10521 17624 18995
0, 4, 1604 3658 10153 14549 17434
0, 4, 1604 3658 10153 14549 17624
0, 4, 1604 3658 4202 7338 7741 8105
0, 4, 1604 3658 7741 10153 10521 18995
0, 4, 1604 3658 7741 8105 10521
0, 4, 1610 10127 12560 14165 18344
0, 4, 1636 11007 11352 12943 13569 18813
0, 4, 1640 2245 3211 4394 7351 17230
0, 4, 1640 2245 4394 7351 10458 17230
0, 4, 1640 2245 4394 7351 9698 17230
0, 4, 1640 2245 7351 9698 10458 17230
0, 4, 1640 2245 7351 9698 15194 17230
0, 4, 1640 3211 4394 7351 10458 17230
0, 4, 1646 5936 6364 7062 11050
0, 4, 1646 6364 7062 11050 12245 13504
0, 4, 1646 6364 7062 12245 13269 13504
0, 4, 167 881 3462 4608 9173
0, 4, 1691 2862 5801 6031 14491 18817
0, 4, 1691 2862 5801 9891 18817
0, 4, 1702 3499 15184 16409 18766
0, 4, 1765 10697 11451 14865 14966 15411 16000
0, 4, 1765 2798 7227 10697 14865 14966
0, 4, 1765 7227 10697 14865 14966 16000
0, 4, 1824 3518 3781 4701 14679 15329
0, 4, 1827 15529 15642 16060 16066
0, 4, 1846 5198 6332 7208 17275
0, 4, 1890 4315 6414 12845 13016
0, 4, 1890 6414 7489 12845 13016
0, 4, 1907 5500 10430 15467 18628
0, 4, 1907 5500 15467 18628 19437
0, 4, 196 1111 8134 8609 18063
0, 4, 1967 5803 7188 10164 10312 16285
0, 4, 2003 2095 3020 3078 5733 13044 14124 14264 16325 16790
0, 4, 2003 3020 3078 5733 10475 13044 14188 14264 16325 16790
0, 4, 2003 3078 3215 5434 5733 10475 14188 14264 16325 16790
0, 4, 2003 3078 5434 5733 10475 13044 14188 14264 16325 16790
0, 4, 2003 3078 5733 10475 13044 14124 14188 14264 16325 16790
0, 4, 2003 3215 5434 16325 16790 16849
0, 4, 2031 7526 12470 13302 13873 18041
0, 4, 2037 3567 4308 6774 9830 15573
0, 4, 2037 4308 6774 12965 15573
0, 4, 2069 7288 10553 13112 13493
0, 4, 2109 6736 10499 14335 17191
0, 4, 2127 2579 3158 12868 13537 14404
0, 4, 2127 2579 3158 4574 5032 6691 7530 12197 12868
0, 4, 2127 2579 3158 5032 6691 12197 12868 13537
0, 4, 2127 2579 3512 12868 13537 14404
0, 4, 2127 2579 8014 12197 12868
0, 4, 2127 3158 12197 12868 13537 16724
0, 4, 2127 3158 12868 13537 14404 16724
0, 4, 2127 3158 4574 5032 5437 6691 7530 12197 19421
0, 4, 2127 3158 5032 12197 13537 16724
0, 4, 2127 3512 6337 12868 13537 14404 16724
0, 4, 2196 2307 4172 4313 10409
0, 4, 2218 6996 10130 14286 15314 17537 17607 18602
0, 4, 2218 6996 14286 15314 16367 17537 17607 18602
0, 4, 2218 8941 9390 10130 12759 14286 15314 16367 17537 17607 18602
0, 4, 2272 6498 9707 14445 16616
0, 4, 2272 7249 9707 14445 16616 16699
0, 4, 2294 3688 7847 8658 12916
0, 4, 2294 3688 7847 8658 13077
0, 4, 2294 3688 8184 8658 12916
0, 4, 2294 3688 8184 8658 13077
0, 4, 2307 4172 4313 6874 10409
0, 4, 2315 3054 4404 4676 12378 17337
0, 4, 2315 3054 4404 4676 5418 12378
0, 4, 2360 7901 9829 10822 17039
0, 4, 2431 7051 8468 14248 15725
0, 4, 2514 2634 8895 9054 14220
0, 4, 2514 2634 8895 9054 17166
0, 4, 2514 6766 7929 8895 9054 13814 16340 17166
0, 4, 2579 3512 6337 12427 12868 13537 14404 16044
0, 4, 268 3620 5750 6703 11720 16463 18265
0, 4, 268 3620 5750 6703 8219 16463
0, 4, 2723 8530 11726 13973 14869 15762
0, 4, 2740 4325 10793 18012 18518
0, 4, 2740 4325 8529 18012 18518
0, 4, 2783 3215 5434 7783 8741 9805 10475 14188 15033 16240 16641 16714 16849 19387
0, 4, 2783 3215 5434 7783 8741 9805 16044 16240 16641 16714 19387
0, 4, 2783 3215 7783 8741 9805 12427 16044 16240 16641 16714 19387
0, 4, 2783 3215 7783 8741 9805 15033 16044 16240 16641 16714 19387
0, 4, 2783 4159 9081 11730 13759 14650 15033 19387
0, 4, 2783 6337 7783 8741 9805 12427 16044 16240 16641 16714 19387
0, 4, 2783 7783 8741 9081 9805 13759 14650 15033 16240 16641 16714 19387
0, 4, 2783 7783 8741 9081 9805 13759 15033 16044 16240 16641 16714 19387
0, 4, 2783 7783 8741 9081 9805 14650 15033 16240 16641 16714 16849 19387
0, 4, 2783 7783 8741 9805 12427 13759 15033 16044 16240 16641 16714 19387
0, 4, 2783 9081 11730 13759 14650 15033 19360
0, 4, 2783 9081 13759 14650 15033 19360 19387
0, 4, 2783 9081 9805 11730 13759 14650 15033 19387
0, 4, 2798 2861 3422 7227 12137
0, 4, 2843 4977 5709 15702 15974
0, 4, 2862 5801 9891 15917 18817
0, 4, 2898 7897 14316 18660 19090
0, 4, 2908 5463 8395 11253 15262
0, 4, 2948 5240 6554 15769 17094
0, 4, 297 1765 2122 11451 12178 13909 14865
0, 4, 297 1765 2122 11451 13909 14865 14966 15411 16000
0, 4, 297 2122 11451 13909 14865 14966 15411 16000 18662
0, 4, 297 2122 2224 11451 12178 13909 14865
0, 4, 297 2122 2224 11451 13909 14865 15411
0, 4, 297 2122 2224 11492 12178 13909
0, 4, 297 2122 2224 4786 6153 11492 13909
0, 4, 297 2122 2224 4786 6153 13909 14111
0, 4, 297 2122 2224 6153 13909 15411
0, 4, 297 2122 6153 13909 15411 18662
0, 4, 3015 3796 5453 10599 13420
0, 4, 3015 3796 5453 7240 13420
0, 4, 3054 3962 4404 4676 12378 17337
0, 4, 3062 3216 13551 15908 18028
0, 4, 3067 3223 4684 12835 14044
0, 4, 3078 5434 5733 10475 14124 14188 14264 16325 16790
0, 4, 3094 5045 7773 10680 15290
0, 4, 3191 3962 4404 4676 9435 12378
0, 4, 3215 3512 5434 6337 7783 8741 9805 12427 16044 16240 16641 16714
0, 4, 3215 5434 10475 14188 14264 16641
0, 4, 3215 5434 10475 14188 16325 16790 16849
0, 4, 3215 5434 5733 10475 14124 14188 14264 16790
0, 4, 3215 5434 6337 7783 8741 10475 12427 14188 16044 16240 16641 16714
0, 4, 3215 5434 7783 8741 9805 10475 12427 14188 16044 16240 16641 16714
0, 4, 3223 4684 6525 12512 12835 14044
0, 4, 3223 4684 6525 12512 14044 17979
0, 4, 3223 6525 12512 12835 14044 17979
0, 4, 3275 7220 8284 13230 15401 18612
0, 4, 3275 7220 8284 15401 15770 18612
0, 4, 3288 4424 6155 11662 18912
0, 4, 329 1099 3640 4202 7338 8105 11797 11838 13110 14168 17544
0, 4, 329 1099 3640 4202 7338 9416 11797 11838 13110 14168 17544
0, 4, 329 1099 3640 4202 9416 11797 11838 13110 14168 17544 19277 19397
0, 4, 329 1604 3640 3658 4202 7338 8105 9416 11838 14168 17544
0, 4, 329 1604 3640 3658 4202 9416 11764 14168 17544
0, 4, 329 1604 3640 4202 7338 7741 8105 11838 14168 17544
0, 4, 329 1604 3640 4202 7338 9416 11764 11838 14168 17544
0, 4, 329 3640 4202 7338 7355 8105 11838 13110 14168 17544
0, 4, 329 3640 4202 7338 8105 9416 11838 13110 14168 17544
0, 4, 329 3640 4202 9416 11764 14168 17544 19277 19397
0, 4, 329 3640 4828 9416 11764 19277 19397
0, 4, 337 1824 3781 4701 14679 15329
0, 4, 342 1488 3366 3473 5548 18648
0, 4, 3495 4627 8885 11039 16655
0, 4, 3512 6337 12427 12868 13537 14404 16044 16724
0, 4, 3512 6337 12427 12868 13759 16044
0, 4, 3512 6337 7783 12427 13537 14404 16044 16714 16724
0, 4, 3512 6337 7783 8741 12427 13759 14404 16044 16240 16641 16714
0, 4, 3512 6337 7783 8741 9805 12427 13759 16044 16240 16641 16714 19387
0, 4, 3620 5750 6703 8134 8219 8609 16463 16765 18063 18265
0, 4, 3620 5750 6703 8134 8609 11720 16463 18063 18265
0, 4, 3620 5750 7639 8219 8609 16463 16765 18063 18265
0, 4, 3620 5750 8134 8609 11720 13551 18063 18265
0, 4, 3638 6257 9497 12342 14227
0, 4, 3658 10153 14549 17434 17624
0, 4, 3688 7847 8658 12916 15638
0, 4, 387 2783 3215 5434 8741 9805 10475 14188 15033 16240 16641 16849 19387
0, 4, 387 2783 3215 7783 8741 9805 15033 16240 16641 16714 16849 19387
0, 4, 387 2783 4159 4751 9081 11730 14650 15033
0, 4, 387 2783 4159 9081 11730 14650 15033 19387
0, 4, 387 2783 7415 14650 15033 16849 19387
0, 4, 387 2783 7415 9805 15033 16849 19387
0, 4, 387 2783 7783 8741 9081 9805 15033 16240 16641 16849 19387
0, 4, 387 2783 8741 9081 9805 13759 14650 15033 16240 16641 19387
0, 4, 387 2783 8741 9081 9805 14650 15033 16240 16641 16849 19387
0, 4, 387 2783 9081 9805 11730 14650 15033 16849 19387
0, 4, 3904 6624 8298 10275 18675
0, 4, 3926 5355 5671 6711 14599 18049
0, 4, 3926 5355 5876 6711 14599 17327 18049
0, 4, 3932 7455 7854 15853 16104
0, 4, 4034 4923 5694 10120 14403 18168
0, 4, 4060 9226 10148 13071 13760 18213
0, 4, 4159 9081 11730 13759 14650 19360
0, 4, 4202 4916 5572 7338 7355 8105 11838 14168
0, 4, 4202 5572 7338 7355 7741 8105 11838 14168
0, 4, 4202 7338 7355 7741 8105 11838 14168 17544
0, 4, 4268 4563 9897 11112 13891 19309
0, 4, 4304 11791 14693 15391 18936
0, 4, 4325 8529 10793 18012 18518
0, 4, 4325 8529 13541 18012 18518
0, 4, 4395 8677 10148 11420 13071 13705 18213
0, 4, 4418 11401 15165 16249 18527
0, 4, 4485 7403 10280 16520 18869
0, 4, 4538 5791 7039 7477 14978 16401 17373 18484
0, 4, 4538 7039 7417 7477 14978
0, 4, 4583 7282 11874 14278 14310
0, 4, 4897 11179 12500 13148 14981
0, 4, 4897 5019 5844 9637 11179 11845 12500 13716 15034
0, 4, 4897 5844 11179 12500 13716 14981
0, 4, 4916 5572 7338 7355 7741 8105 11838 14168
0, 4, 5137 13626 13742 16169 18464
0, 4, 530 6147 10702 11497 17886
0, 4, 5394 6340 7754 8016 18927
0, 4, 557 4695 5892 9293 12540
0, 4, 557 5892 9293 10546 12540 15141
0, 4, 5585 5679 15085 16780 19456
0, 4, 5595 11235 13884 14886 16507
0, 4, 5595 13294 13884 14886 16507
0, 4, 5598 5950 6019 7981 9534
0, 4, 5614 11578 11774 12063 12271 17465 17693 17731
0, 4, 5649 8877 13088 13790 17856
0, 4, 5674 7619 12264 12270 12869
0, 4, 5690 9032 10378 10569 13191
0, 4, 5750 6703 8134 11720 13551 18265
0, 4, 578 3081 6681 9624 15758
0, 4, 5791 7039 7477 15796 16401 17373 18484
0, 4, 6076 8583 9404 11011 11013
0, 4, 6105 6794 8042 12517 15804
0, 4, 6152 9113 9274 17783 18836
0, 4, 6180 12572 13513 14361 16743 17563
0, 4, 621 1906 4441 6904 7009 7929 9873 13814 16340 18496
0, 4, 621 1906 4441 6904 7009 9873 11068 12283 13814 18496
0, 4, 621 2514 6766 6904 7929 9873 13814 16340 17166 18496
0, 4, 621 2514 6766 7929 9054 13814 16340 17166 18496
0, 4, 621 4441 6766 6904 7009 7929 9873 13814 16340 17166 18496
0, 4, 621 4441 6904 7009 9873 12283 13814 16340 18496
0, 4, 621 6766 7929 9054 9873 13814 16340 17166 18496
0, 4, 621 6904 7009 9873 13947 18496
0, 4, 6256 6851 16302 17446 18259
0, 4, 6259 14011 16782 17444 18552
0, 4, 6280 8484 14952 16703 17961
0, 4, 632 4737 9472 16672 17168
0, 4, 651 2134 10103 15266 15834
0, 4, 651 2134 4583 5596 8946 10103 15504
0, 4, 651 2134 5596 8946 10103 15504 15834
0, 4, 651 2134 7716 8946 10103 15504 15834
0, 4, 651 2134 7716 8946 12641 15504 15834 16497
0, 4, 651 2134 8946 10103 15504 15834 16497
0, 4, 6525 12512 12835 14044 17973
0, 4, 6525 9044 12512 12835 17973
0, 4, 6662 9031 10431 12718 19434
0, 4, 7185 9658 10752 11154 14569 15306
0, 4, 7446 10461 14980 16256 17419
0, 4, 7446 8917 10461 16256 17419 19081
0, 4, 7481 8704 14723 14747 17829
0, 4, 7526 12470 13873 18041 18235
0, 4, 757 2095 3078 5733 13044 14124 14264 16790
0, 4, 7716 10557 12136 12641 15215 16497
0, 4, 7716 10557 12641 15834 16497
0, 4, 7765 10256 10602 12606 15999
0, 4, 7765 9207 10602 12606 15999
0, 4, 7783 8741 9081 9805 12427 13759 16044 16240 16641 16714
0, 4, 7897 10424 13525 14316 18660
0, 4, 7901 10319 10822 12211 14529 16605
0, 4, 7901 9829 10319 10822 12211 14529
0, 4, 7903 8090 10967 11380 13296
0, 4, 8156 8896 13782 15282 18199
0, 4, 825 10153 10521 11800 16791 17624 17726 18995
0, 4, 825 7338 7355 7741 8105
0, 4, 825 7338 7741 8105 11800
0, 4, 825 7338 7741 8105 11838
0, 4, 825 7741 10153 10521 11800 16791 18995
0, 4, 825 7741 10521 11800 14772 16791 17129 17726 18995
0, 4, 825 7741 8105 10521 11800 18995
0, 4, 837 2694 11361 12557 17472
0, 4, 838 1619 7124 14590 19287
0, 4, 8484 14952 16703 17024 17961
0, 4, 8484 8538 14952 17024 17961
0, 4, 8583 9052 9404 11011 11013
0, 4, 859 3796 5453 7240 13420
0, 4, 8677 10148 11420 13071 13760 18213
0, 4, 8752 9614 10902 14549 17624
0, 4, 8752 9614 12541 14549 17434 19471
0, 4, 8752 9614 12541 16075 19471
0, 4, 8941 13361 14255 16367 18140 18602
0, 4, 8941 9191 9390 10130 12759 14255 14286 16367 17537 17607 18140 18602
0, 4, 8941 9191 9390 10130 12759 14286 15314 16367 17537 17607 18602
0, 4, 9032 10378 10569 13937 16831 18843
0, 4, 9062 11315 13226 16555 19093
0, 4, 9614 10153 14549 17434 17624
0, 4, 962 6596 7168 7764 8291
0, 4, 9658 10752 11154 12906 14569 15306
0, 4, 9658 10752 11154 14569 15921 17785
0, 4, 97 1640 3211 4394 7351 17230
0, 4, 9705 12760 13000 14093 17309
0, 4, 974 4115 4335 5652 17834 18637
0, 4, 974 4115 4335 5652 17916 18637
0, 4, 974 4115 4335 5652 7038 12287 18637
0, 4, 974 4115 5652 17834 17916
0, 4, 974 4335 5652 8514 17834 18637
0, 4, 974 4335 7038 8514 12287 18637
0, 4, 974 4335 7038 8514 17834 18637
0, 4, 979 4335 7038 12287 18637
0, 4, 9826 10518 11696 14401 15202 19020
1, 5, 1013 1098 12675 17591 19516
1, 5, 1013 1098 5432 12675 17591
1, 5, 10153 10521 10902 14130 16791 17624 18995
1, 5, 10153 10521 10902 16791 17624 17726 18995
1, 5, 10521 10902 14130 16791 17624 17726 18995
1, 5, 1059 3272 14434 15363 17046
1, 5, 10902 11509 13746 14130 15502
1, 5, 10902 11509 13746 14130 17726
1, 5, 10902 13746 14130 17726 18995
1, 5, 1098 5432 7746 11940 12675 17591
1, 5, 1099 4202 7338 7355 8105 11797 11838 13110 14168 17544
1, 5, 11179 12500 13148 13716 14981
1, 5, 11235 13294 13884 14886 16507
1, 5, 1128 2201 6070 8151 11385
1, 5, 11295 12300 12369 16778 18176
1, 5, 11578 11774 12063 12271 13513 14290 17465 17693 17731
1, 5, 11578 12063 12271 12572 13513 14290 17465 17693
1, 5, 1162 7613 13796 15888 16344
1, 5, 1175 2613 4505 11264 17662
1, 5, 1175 2613 4505 6834 15761
1, 5, 1187 3525 5281 8667 15606
1, 5, 12172 12305 16382 17404 19499
1, 5, 12300 12369 16778 17067 18176
1, 5, 1346 5438 5891 8994 13718
1, 5, 1400 7249 10156 12085 14638 18844
1, 5, 1400 7249 10156 12085 16699 18844
1, 5, 1400 7249 10156 14445 16616 16699 18844
1, 5, 1400 7249 12085 14638 16219
1, 5, 1400 7249 12085 14638 16699 18844
1, 5, 1400 7249 9707 10156 16616 16699
1, 5, 1400 7249 9707 14445 16616 16699
1, 5, 1400 9028 10156 12085 14638 18844
1, 5, 1400 9028 12085 14638 16219 18844
1, 5, 1414 2537 8997 12483 15880 18732 18898 19570
1, 5, 142 824 1204 2778 9945
1, 5, 1498 12541 14549 17434 19471
1, 5, 1507 7961 8495 9013 13145
1, 5, 1570 2218 2713 3863 6996 13301 17537 19513
1, 5, 1570 2218 3863 6996 13301 15314 17537 19513
1, 5, 1570 2218 6996 13301 15314 17537 17607 19513
1, 5, 1587 2151 2874 7568 18967
1, 5, 1604 3658 10153 10521 17624 18995
1, 5, 1604 3658 10153 14549 17434
1, 5, 1604 3658 10153 14549 17624
1, 5, 1604 3658 7741 10521 18995
1, 5, 1604 3658 7741 8105 10521
1, 5, 1604 4202 7338 7741 8105 11838 14168 17544
1, 5, 1610 10127 12560 14165 18344
1, 5, 1636 11007 11352 12943 13569 18813
1, 5, 1640 2245 3211 4394 7351 17230
1, 5, 1640 2245 4394 7351 10458 17230
1, 5, 1640 2245 4394 7351 9698 17230
1, 5, 1640 2245 7351 9698 10458 17230
1, 5, 1640 2245 7351 9698 15194 17230
1, 5, 1640 3211 4394 7351 10458 17230
1, 5, 1646 5936 6364 7062 11050 12245
1, 5, 1646 6364 7062 11050 12245 13504
1, 5, 1646 6364 7062 12245 13269 13504
1, 5, 167 881 3462 4608 9173
1, 5, 1691 2862 5801 6031 14491 18817
1, 5, 1691 2862 5801 9891 18817
1, 5, 1702 3499 15184 16409 18766
1, 5, 1765 10697 11451 14865 14966 15411 16000
1, 5, 1765 2798 7227 10697 14865 14966
1, 5, 1765 7227 10697 14865 14966 16000
1, 5, 1824 3518 3781 4701 14679 15329
1, 5, 1827 15529 15642 16060 16066
1, 5, 1846 5198 6332 7208 17275
1, 5, 1851 4105 10883 17744 18354 19624
1, 5, 1890 4315 6414 12845 13016
1, 5, 1890 6414 7489 12845 13016
1, 5, 1906 4441 6904 7415 9873 11068
1, 5, 1907 5500 10430 15467 18628
1, 5, 1967 5803 7188 10164 10312
1, 5, 1967 7188 10164 10312 16285
1, 5, 2003 2095 3020 3078 5733 13044 14124 14264 16325 16790
1, 5, 2003 3020 3078 5434 5733 10475 13044 14188 14264 16325 16790
1, 5, 2003 3078 3215 5434 5733 10475 14188 14264 16325 16790
1, 5, 2003 3078 5434 5733 10475 14124 14188 14264 16325 16790
1, 5, 2003 3078 5733 10475 13044 14124 14188 14264 16325 16790
1, 5, 2003 3215 5434 14188 16325 16790 16849
1, 5, 2031 7526 12470 13302 13873 18041
1, 5, 2037 3567 4308 6774 9830 15573
1, 5, 2037 4308 6774 12965 15573
1, 5, 2069 7288 10553 13112 13493
1, 5, 2109 6736 10499 14335 17191
1, 5, 2122 2224 4786 6153 11492 13909
1, 5, 2122 2224 4786 6153 13909 14111
1, 5, 2127 2579 3158 12868 13537 14404
1, 5, 2127 2579 3158 4574 5032 6691 7530 12197 12868
1, 5, 2127 2579 3158 5032 6691 12197 12868 13537
1, 5, 2127 2579 3512 12868 13537 14404
1, 5, 2127 2579 8014 12197 12868
1, 5, 2127 3158 12197 12868 13537 16724
1, 5, 2127 3158 12868 13537 14404 16724
1, 5, 2127 3158 4574 5032 5437 6691 7530 12197
1, 5, 2127 3158 4574 5032 6691 7530 12197 19421
1, 5, 2127 3512 6337 12868 13537 14404 16724
1, 5, 2196 2307 4172 4313 10409
1, 5, 2218 6996 10130 14286 15314 17537 17607 19513
1, 5, 2218 6996 14286 15314 16367 17537 17607 18602 19513
1, 5, 2218 8941 9390 10130 12759 14286 15314 16367 17537 17607 18602 19513
1, 5, 2272 6498 9707 14445 16616
1, 5, 2272 9707 14445 16616 16699
1, 5, 2294 3688 7847 8658 12916
1, 5, 2294 3688 7847 8658 13077
1, 5, 2294 3688 8184 8658 12916
1, 5, 2294 3688 8184 8658 13077
1, 5, 2307 4172 4313 6874 10409
1, 5, 2315 3054 4404 4676 12378 17337
1, 5, 2315 3054 4404 4676 5418 12378
1, 5, 2360 7901 9829 10822 17039
1, 5, 2404 2868 6172 13170 14522
1, 5, 2431 7051 8468 14248 15725
1, 5, 2470 6082 7507 8590 11191
1, 5, 2514 2634 8895 9054 14220
1, 5, 2514 2634 8895 9054 17166
1, 5, 2514 6766 7929 8895 9054 13814 16340 17166
1, 5, 2579 3512 6337 12427 12868 13537 14404 16044
1, 5, 268 3620 5750 6703 11720 16463 18265
1, 5, 268 3620 5750 6703 8219 16463 18265
1, 5, 2713 3863 16367 17537 19513
1, 5, 2723 8530 11726 13973 14869 15762
1, 5, 2740 4325 10793 18012 18518
1, 5, 2740 4325 8529 18012 18518
1, 5, 2783 3215 5434 7783 8741 9805 10475 14188 15033 16240 16641 16714 16849 19387
1, 5, 2783 3215 7783 8741 9805 16044 16240 16641 16714 19387
1, 5, 2783 4159 9081 11730 13759 14650 15033
1, 5, 2783 6337 7783 8741 9805 12427 16044 16240 16641 16714 19387
1, 5, 2783 7783 8741 9081 9805 13759 14650 15033 16240 16641 19387
1, 5, 2783 7783 8741 9081 9805 13759 15033 16240 16641 16714 19387
1, 5, 2783 7783 8741 9081 9805 14650 15033 16240 16641 16849 19387
1, 5, 2783 7783 8741 9081 9805 15033 16240 16641 16714 16849 19387
1, 5, 2783 7783 8741 9805 12427 13759 15033 16044 16240 16641 16714 19387
1, 5, 2783 9081 11730 13759 14650 15033 19387
1, 5, 2783 9081 13759 14650 15033 19360 19387
1, 5, 2798 2861 3422 7227 12137
1, 5, 2843 4977 5709 15702 15974
1, 5, 2862 5801 9891 15917 18817
1, 5, 2908 5463 8395 11253 15262
1, 5, 2948 5240 6554 15769 17094
1, 5, 297 1765 2122 11451 13909 14865 14966 15411 16000
1, 5, 297 1765 2122 2224 11451 12178 13909
1, 5, 297 1765 2122 2224 11451 12178 14865
1, 5, 297 1765 2122 2224 11451 13909 14865 15411
1, 5, 297 2122 11451 13909 14865 14966 15411 16000 18662
1, 5, 297 2122 2224 11451 13909 14865 14966 15411 16000
1, 5, 297 2122 2224 11492 12178 13909
1, 5, 297 2122 2224 6153 11492 13909
1, 5, 3015 3796 5453 10599 13420
1, 5, 3015 3796 5453 7240 13420
1, 5, 3054 3962 4404 4676 12378 17337
1, 5, 3062 3216 13551 15908 18028
1, 5, 3067 3223 4684 12835 14044
1, 5, 3094 5045 7773 10680 15290
1, 5, 3158 4574 5032 5437 6691 7530 12197 19421
1, 5, 3191 3962 4404 4676 9435 12378
1, 5, 3215 3512 5434 6337 7783 8741 12427 16044 16240 16641 16714
1, 5, 3215 3512 6337 7783 8741 9805 12427 16044 16240 16641 16714
1, 5, 3215 5434 10475 14188 16325 16790 16849
1, 5, 3215 5434 5733 10475 14124 14188 14264 16325 16790
1, 5, 3215 5434 6337 7783 8741 9805 12427 16044 16240 16641 16714
1, 5, 3215 5434 7783 8741 10475 12427 14188 16044 16240 16641 16714
1, 5, 3215 5434 7783 8741 9805 10475 14188 16044 16240 16641 16714
1, 5, 3215 5434 7783 8741 9805 16044 16240 16641 16714 19387
1, 5, 3215 5434 8741 10475 14188 14264
1, 5, 3215 7783 8741 9805 12427 16044 16240 16641 16714 19387
1, 5, 3223 4684 6525 12512 12835 14044
1, 5, 3223 6525 12512 14044 17979
1, 5, 3275 7220 8284 13230 15401
1, 5, 3275 7220 8284 15401 15770 18612
1, 5, 3288 4424 6155 11662 18912
1, 5, 329 1099 3640 4202 7338 8105 11797 11838 13110 14168 17544
1, 5, 329 1099 3640 4202 7338 9416 11797 11838 13110 14168 17544
1, 5, 329 1099 3640 4202 9416 11797 11838 13110 14168 17544 19277 19397
1, 5, 329 1604 3640 3658 4202 7338 8105 9416 11838 17544
1, 5, 329 1604 3640 3658 4202 7338 9416 11764 17544
1, 5, 329 1604 3640 4202 7338 8105 9416 11838 14168 17544
1, 5, 329 1604 3640 4202 7338 9416 11764 11838 14168 17544
1, 5, 329 3640 4202 7338 7355 8105 11838 14168 17544
1, 5, 329 3640 4202 7338 8105 9416 11838 13110 14168 17544
1, 5, 329 3640 4202 9416 11764 11838 14168 17544 19397
1, 5, 329 3640 4202 9416 11764 14168 17544 19277 19397
1, 5, 329 3640 4828 9416 11764 19277 19397
1, 5, 337 1824 3781 4701 14679 15329
1, 5, 337 3518 4701 14679 15329
1, 5, 342 1488 3366 3473 5548 18648
1, 5, 3495 4627 8885 11039 16655
1, 5, 3512 6337 12427 12868 13537 14404 16044 16724
1, 5, 3512 6337 12427 12868 13759 16044
1, 5, 3512 6337 7783 12427 13537 14404 16044 16714 16724
1, 5, 3512 6337 7783 12427 13759 14404 16044 16240 16641 16714
1, 5, 3512 6337 7783 8741 12427 14404 16044 16240 16641 16714
1, 5, 3512 6337 7783 8741 9805 12427 13759 16044 16240 16641 16714
1, 5, 3512 6337 7783 8741 9805 12427 16044 16240 16641 16714 19387
1, 5, 3620 5750 6703 8134 8219 8609 16463 16765 18063 18265
1, 5, 3620 5750 6703 8134 8609 11720 16463 18063 18265
1, 5, 3620 5750 7639 8219 16463 16765 18063 18265
1, 5, 3638 6257 9497 12342 14227
1, 5, 3640 4202 7338 7741 8105 11838 14168 17544
1, 5, 3658 10153 14549 17434 17624
1, 5, 3688 7847 8658 12916 15638
1, 5, 3863 6996 16367 17537 19513
1, 5, 387 2783 3215 5434 8741 9805 14188 15033 16240 16641 16849 19387
1, 5, 387 2783 4159 9081 11730 14650 15033 19387
1, 5, 387 2783 7415 14650 15033 16849 19387
1, 5, 387 2783 7415 9805 15033 16849 19387
1, 5, 387 2783 8741 9081 9805 13759 14650 15033 16240 16641 16849 19387
1, 5, 387 2783 9081 11730 14650 15033 16849 19387
1, 5, 387 3215 5434 16325 16849
1, 5, 387 4159 4751 9081 11730 14650
1, 5, 3904 6624 8298 10275 18675
1, 5, 3926 5355 5671 6711 14599 17327 18049
1, 5, 3926 5355 5876 14599 17327 18049
1, 5, 3932 7455 7854 15853 16104
1, 5, 4034 4923 5694 10120 14403 18168
1, 5, 4060 9226 10148 13071 13760
1, 5, 4159 4751 9081 11730 14650 15033
1, 5, 4159 9081 11730 13759 14650 19360
1, 5, 4202 5572 7338 7355 7741 8105 11838 14168
1, 5, 4202 7338 7355 7741 8105 11838 14168 17544
1, 5, 4268 4563 9897 11112 13891 19309
1, 5, 4304 11791 14693 15391 18936
1, 5, 4325 8529 10793 18012 18518
1, 5, 4325 8529 13541 18012 18518
1, 5, 4395 8677 10148 11420 13071 13705 18213
1, 5, 4418 11401 15165 16249 18527
1, 5, 4485 7403 10280 16520 18869
1, 5, 4538 5791 7039 7477 14978 16401 17373 18484
1, 5, 4538 7039 7417 7477 14978
1, 5, 4583 7282 11874 14278 14310
1, 5, 4758 7639 8219 14960 16765
1, 5, 4897 5019 5844 9637 11179 11845 12500 13716 15034
1, 5, 4897 5844 11179 12500 13716 14981 15034
1, 5, 4916 5572 7338 7355 7741 8105 11838
1, 5, 4916 5572 7338 7355 8105 11838 14168
1, 5, 5137 13626 13742 16169 18464
1, 5, 530 6147 10702 11497 17886
1, 5, 5394 6340 7754 8016 18927
1, 5, 557 4695 5892 9293 12540
1, 5, 557 5892 9293 10546 12540 15141
1, 5, 5585 5679 15085 16780 19456
1, 5, 5595 13294 13884 14886 16507
1, 5, 5598 5950 6019 7981 9534
1, 5, 5614 11578 11774 12063 12271 14290 17465 17693 17731
1, 5, 5649 8877 13088 13790 17856
1, 5, 5674 7619 12264 12270 12869
1, 5, 5750 6703 8134 11720 13551 18265
1, 5, 5750 8134 8609 11720 13551 18063 18265
1, 5, 578 3081 6681 9624 15758
1, 5, 5791 7039 7477 15796 16401 17373 18484
1, 5, 5803 7188 10164 10312 16285
1, 5, 6076 8583 9404 11011 11013
1, 5, 6105 6794 8042 12517 15804
1, 5, 6152 9113 9274 17783 18836
1, 5, 6180 12572 13513 14361 16743 17563
1, 5, 621 1906 4441 6766 6904 7009 7929 9873 13814 16340 18496
1, 5, 621 1906 4441 6904 7009 9873 11068 12283 13814 18496
1, 5, 621 1906 4441 6904 7009 9873 12283 13814 16340 18496
1, 5, 621 2514 6766 6904 7929 9873 13814 16340 17166 18496
1, 5, 621 2514 6766 7929 9054 9873 13814 16340 17166 18496
1, 5, 621 4441 6766 6904 7009 7929 9873 13814 16340 17166 18496
1, 5, 621 6904 7009 9873 13947 18496
1, 5, 6256 6851 16302 17446 18259
1, 5, 6259 14011 16782 17444 18552
1, 5, 6280 8484 14952 16703 17961
1, 5, 6337 7783 8741 9805 12427 13759 16044 16240 16641 16714 19387
1, 5, 6393 8179 8328 9373 19295
1, 5, 651 2134 4583 5596 8946 10103 15504
1, 5, 651 2134 5596 8946 10103 15504 15834
1, 5, 651 2134 7716 8946 10103 12641 15504 15834
1, 5, 651 2134 7716 8946 12641 15504 15834 16497
1, 5, 6525 12512 12835 14044 17973
1, 5, 6525 9044 12512 12835 17973
1, 5, 6662 9031 10431 12718 19434
1, 5, 7185 9658 10752 11154 14569 15306
1, 5, 7220 8284 13230 15401 18612
1, 5, 7446 8917 10461 14980 16256 17419
1, 5, 7446 8917 10461 16256 17419 19081
1, 5, 7481 8704 14723 14747 17829
1, 5, 7526 12470 13873 18041 18235
1, 5, 757 2003 2095 3078 5733 13044 14264 16325 16790
1, 5, 757 2095 3078 5733 13044 14124 14264 16325 16790
1, 5, 7716 10557 12136 12641 15215 16497
1, 5, 7716 10557 12136 12641 15834 16497
1, 5, 7765 10256 10602 12606 15999
1, 5, 7765 9207 10602 12606 15999
1, 5, 7897 10424 13525 14316 18660
1, 5, 7901 10319 10822 12211 14529 16605
1, 5, 7901 9829 10319 10822 12211 14529
1, 5, 7903 8090 10967 11380 13296
1, 5, 8156 8896 13782 15282 18199
1, 5, 825 10153 10521 11800 16791 17624 17726 18995
1, 5, 825 7338 7355 7741 8105
1, 5, 825 7338 7741 8105 11800
1, 5, 825 7338 7741 8105 11838
1, 5, 825 7741 10521 11800 14772 16791 17129 17726 18995
1, 5, 825 7741 8105 10521 11800 18995
1, 5, 837 2694 11361 12557 17472
1, 5, 838 1619 7124 14590 19287
1, 5, 8386 9797 13579 14934 19548
1, 5, 8484 14952 16703 17024 17961
1, 5, 8484 8538 14952 17024 17961
1, 5, 8583 9052 9404 11011 11013
1, 5, 859 3796 5453 7240 13420
1, 5, 8631 9797 13579 14934 19548
1, 5, 8677 10148 11420 13071 13760 18213
1, 5, 8752 9614 10902 14549 19562
1, 5, 8752 9614 12541 14549 17434 19471 19562
1, 5, 8752 9614 12541 16075 19471 19562
1, 5, 892 4690 8060 19457 19543
1, 5, 8941 13361 14255 16367 18140 18602
1, 5, 8941 9191 9390 10130 12759 14255 14286 16367 17537 17607 18602 19513
1, 5, 8941 9191 9390 10130 12759 14255 14286 16367 17537 18140 18602
1, 5, 8941 9191 9390 10130 12759 14286 15314 16367 17537 17607 18602
1, 5, 8941 9390 10130 14255 14286 16367 17537 18140 18602 19513
1, 5, 9032 10378 10569 13937 16831 18843
1, 5, 9062 11315 13226 16555 19093
1, 5, 9081 11730 13759 14650 15033 19360
1, 5, 9226 10148 13071 13760 18213
1, 5, 9614 10153 14549 17434 17624 19562
1, 5, 9614 10902 14549 17624 19562
1, 5, 962 6596 7168 7764 8291
1, 5, 9658 10752 11154 12906 14569 15306
1, 5, 9658 10752 11154 14569 15921 17785
1, 5, 97 1640 3211 4394 7351 17230
1, 5, 9705 12760 13000 14093 17309
1, 5, 974 4115 4335 5652 17834 18637
1, 5, 974 4115 4335 5652 17916 18637
1, 5, 974 4115 4335 5652 7038 12287 18637
1, 5, 974 4335 5652 7038 8514 17834 18637
1, 5, 974 4335 7038 8514 12287 18637
1, 5, 979 4335 7038 8514 12287 18637
1, 5, 9826 10518 11696 14401 15202 19020
2, 6, 1013 1098 12675 17591 19516
2, 6, 1013 1098 5432 12675 17591
2, 6, 10153 10521 10902 14130 17624 18995
2, 6, 10153 10521 10902 16791 17624 17726 18995
2, 6, 10521 10902 14130 16791 17624 17726 18995
2, 6, 1059 3272 14434 15363 17046
2, 6, 10697 11451 14865 14966 15411 16000 18662
2, 6, 10902 11509 13746 14130 15502
2, 6, 10902 11509 13746 14130 17726
2, 6, 10902 13746 14130 17726 18995
2, 6, 1098 5432 7746 11940 12675 17591
2, 6, 1099 4202 7338 7355 8105 11797 11838 13110 14168 17544 19769
2, 6, 11179 12500 13148 13716 14981
2, 6, 11235 13294 13884 14886 16507
2, 6, 1128 2201 6070 8151 11385
2, 6, 11295 12300 12369 16778 18176
2, 6, 11578 11774 12063 12271 13513 14290 17465 17693 17731
2, 6, 11578 12063 12271 12572 13513 14290 17465 17693
2, 6, 1162 7613 13796 15888 16344
2, 6, 1175 2613 4505 11264 17662
2, 6, 1175 2613 4505 6834 15761
2, 6, 1187 3525 5281 8667 15606
2, 6, 1346 5438 5891 8994 13718
2, 6, 1400 7249 10156 12085 14638 18844
2, 6, 1400 7249 10156 12085 16699 18844
2, 6, 1400 7249 10156 14445 16616 16699 18844
2, 6, 1400 7249 12085 14638 16219
2, 6, 1400 7249 12085 14638 16699 18844
2, 6, 1400 7249 9707 10156 14445 16616 16699
2, 6, 1400 9028 10156 12085 14638 18844
2, 6, 1400 9028 12085 14638 16219 18844
2, 6, 1414 2537 8997 12483 15880 18732 18898 19570
2, 6, 142 1204 2778 9945 18966
2, 6, 142 824 1204 2778 9945
2, 6, 1498 12541 14549 17434 19471
2, 6, 1507 7961 8495 9013 13145
2, 6, 1570 2218 2713 3863 6996 13301 17537 19513
2, 6, 1570 2218 3863 6996 13301 15314 17537 19513
2, 6, 1570 2218 6996 13301 15314 17537 17607 19513
2, 6, 1587 2151 2874 7568 18967
2, 6, 1604 3658 10153 10521 17624 18995
2, 6, 1604 3658 10153 14549 17434
2, 6, 1604 3658 10153 14549 17624
2, 6, 1604 3658 7741 10521 18995
2, 6, 1604 3658 7741 8105 10521
2, 6, 1604 4202 7338 7741 8105 17544
2, 6, 1610 10127 12560 14165 18344
2, 6, 1636 11007 11352 12943 13569 18813
2, 6, 1640 2245 3211 4394 7351 10458 17230
2, 6, 1640 2245 4394 7351 9698 17230
2, 6, 1640 2245 7351 9698 10458 17230
2, 6, 1640 2245 7351 9698 15194 17230
2, 6, 1646 5936 6364 7062 11050 12245
2, 6, 1646 6364 7062 11050 12245 13504
2, 6, 1646 6364 7062 12245 13269 13504
2, 6, 167 881 3462 4608 9173
2, 6, 1691 2862 5801 6031 14491 18817
2, 6, 1691 2862 5801 9891 18817
2, 6, 1702 3499 15184 16409 18766
2, 6, 1765 2798 7227 10697 14966
2, 6, 1765 7227 10697 14865 14966 16000
2, 6, 1827 15529 15642 16060 16066
2, 6, 1846 5198 6332 7208 17275
2, 6, 1851 4105 10883 11131 19624
2, 6, 1851 4105 10883 17744 18354 19624
2, 6, 1890 4315 6414 12845 13016
2, 6, 1890 6414 7489 12845 13016
2, 6, 1906 4441 6904 7009 7415 11068 12283
2, 6, 1906 4441 6904 7009 7415 9873 11068
2, 6, 1967 7188 10164 10312 16285
2, 6, 2003 2095 3020 3078 5733 13044 14124 14264 16325 16790
2, 6, 2003 3020 3078 3215 5434 5733 10475 13044 14188 14264 16325 16790
2, 6, 2003 3020 3078 5733 10475 13044 14124 14188 14264 16325 16790
2, 6, 2003 3078 3215 5434 5733 10475 14124 14188 14264 16325 16790
2, 6, 2003 3078 5434 5733 10475 13044 14124 14188 14264 16325 16790
2, 6, 2003 3215 5434 14188 16325 16790 16849
2, 6, 2031 7526 12470 13302 13873 18041
2, 6, 2037 3567 4308 6774 9830 15573
2, 6, 2037 4308 6774 12965 15573
2, 6, 2069 7288 10553 13112 13493
2, 6, 2109 6736 10499 14335 17191
2, 6, 2115 3899 7717 16179 16310
2, 6, 2122 2224 4786 6153 11492 13909
2, 6, 2122 2224 4786 6153 13909 14111
2, 6, 2127 2579 3158 12868 13537 14404
2, 6, 2127 2579 3158 4574 5032 6691 7530 12197 12868
2, 6, 2127 2579 3158 5032 6691 12197 12868 13537
2, 6, 2127 2579 3512 12868 13537 14404
2, 6, 2127 2579 8014 12197 12868
2, 6, 2127 3158 12197 12868 13537 16724
2, 6, 2127 3158 12868 13537 14404 16724
2, 6, 2127 3158 13537 16724 19421
2, 6, 2127 3158 4574 5032 5437 6691 7530 12197
2, 6, 2127 3158 4574 5032 6691 7530 12197 19421
2, 6, 2127 3158 5032 12197 13537 19421
2, 6, 2127 3512 6337 12868 13537 14404 16724
2, 6, 2134 4583 5596 8946 10103 15504
2, 6, 2139 16778 17067 18176 19085
2, 6, 2218 6996 10130 14286 15314 16367 17537 17607 19513
2, 6, 2218 8941 9390 10130 12759 14286 15314 16367 17537 17607 18602 19513
2, 6, 223 3015 3796 10599 13420
2, 6, 2272 6498 9707 14445 16616
2, 6, 2272 9707 14445 16616 16699
2, 6, 2294 3688 7847 8184 8658 12916
2, 6, 2294 3688 7847 8184 8658 13077
2, 6, 2294 3688 7847 8184 8658 19739
2, 6, 2294 3688 7847 8658 12916 19739
2, 6, 2307 4172 4313 6874 10409
2, 6, 2315 3054 4404 4676 12378 17337
2, 6, 2315 3054 4404 4676 5418 12378
2, 6, 2360 7901 9829 10822 17039
2, 6, 2404 2868 6172 13170 14522
2, 6, 2470 6082 7507 10255 11191
2, 6, 2470 6082 7507 8590 11191
2, 6, 2470 7507 8590 10255 11191
2, 6, 2514 2634 8895 9054 14220
2, 6, 2514 6766 7929 8895 9054 13814 16340 17166
2, 6, 2579 3512 6337 12427 12868 13537 14404
2, 6, 268 3620 5750 6703 11720 16463 18265
2, 6, 268 3620 5750 6703 8219 16463 16765
2, 6, 268 3620 5750 6703 8219 16463 18265
2, 6, 2723 11726 13973 14869 15762
2, 6, 2723 8530 11726 13973 14869
2, 6, 2723 8530 13973 14869 15762
2, 6, 2740 4325 10793 18012 18518
2, 6, 2740 4325 8529 18012 18518
2, 6, 2783 3215 5434 7783 8741 9805 10475 14188 16240 16641 16714 16849 19387
2, 6, 2783 3215 5434 7783 8741 9805 14188 15033 16240 16641 16714 16849 19387
2, 6, 2783 3215 5434 8741 9805 10475 14188 15033 16240 16641 16714 16849 19387
2, 6, 2783 3215 7783 8741 9805 16044 16240 16641 16714 19387
2, 6, 2783 6337 7783 8741 9805 12427 16044 16240 16641 16714 19387
2, 6, 2783 7783 8741 9081 9805 13759 15033 16240 16641 16714 16849 19387
2, 6, 2783 7783 8741 9805 12427 13759 15033 16044 16240 16641 16714 19387
2, 6, 2783 9081 11730 13759 14650 15033 19387
2, 6, 2783 9081 13759 14650 15033 19360 19387
2, 6, 2798 2861 3422 7227 12137
2, 6, 2843 4977 5709 15702 15974
2, 6, 2862 5801 9891 15917 18817
2, 6, 2908 5463 8395 11253 15262
2, 6, 2940 5621 6353 7021 18718
2, 6, 2948 5240 6554 15769 17094
2, 6, 297 1765 10697 11451 14865 14966 15411 16000
2, 6, 297 1765 2122 11451 12178 14865
2, 6, 297 1765 2122 2224 11451 12178 13909
2, 6, 297 1765 2122 2224 11451 13909 14865 14966 15411 16000
2, 6, 297 2122 11451 13909 14865 14966 15411 16000 18662
2, 6, 297 2122 2224 11451 13909 15411 18662
2, 6, 297 2122 2224 11492 12178 13909
2, 6, 297 2122 2224 6153 11492 13909
2, 6, 3015 3796 5453 10599 13420
2, 6, 3015 3796 5453 7240 13420
2, 6, 3054 3962 4404 4676 12378 17337
2, 6, 3062 3216 13551 15908 18028
2, 6, 3067 3223 4684 12835 14044
2, 6, 3094 5045 7773 10680 15290
2, 6, 3158 4574 5032 5437 6691 7530 12197 19421
2, 6, 3191 3962 4404 4676 9435 12378
2, 6, 3215 3512 6337 7783 8741 12427 16044 16240 16641 16714
2, 6, 3215 5434 10475 14188 16325 16790 16849
2, 6, 3215 5434 6337 7783 8741 12427 16044 16240 16641 16714
2, 6, 3215 5434 7783 8741 10475 14188 16044 16240 16641 16714
2, 6, 3215 5434 7783 8741 9805 12427 16044 16240 16641 16714
2, 6, 3215 5434 8741 10475 14188 14264
2, 6, 3215 6337 7783 8741 9805 12427 16044 16240 16641 16714
2, 6, 3223 4684 6525 12512 12835 14044
2, 6, 3275 7220 8284 15401 15770 18612
2, 6, 3288 4424 6155 11662 18912
2, 6, 329 1099 3640 4202 7338 8105 11797 11838 13110 14168 17544 19769
2, 6, 329 1099 3640 4202 7338 9416 11797 11838 13110 14168 17544 19769
2, 6, 329 1099 3640 4202 9416 11797 11838 13110 14168 17544 19277 19397 19769
2, 6, 329 1604 3640 3658 4202 7338 11764 11838 17544
2, 6, 329 1604 3640 3658 4202 7338 8105 11838 17544
2, 6, 329 1604 3640 3658 4202 7338 8105 9416 17544
2, 6, 329 1604 3640 3658 4202 7338 9416 11764 17544
2, 6, 329 1604 3640 4202 7338 8105 9416 11838 14168 17544
2, 6, 329 1604 3640 4202 7338 9416 11764 11838 14168 17544
2, 6, 329 3640 4202 7338 8105 9416 11838 13110 14168 17544 19769
2, 6, 329 3640 4202 9416 11764 11838 14168 17544 19277 19397 19769
2, 6, 329 3640 4828 9416 11764 19277 19397
2, 6, 337 1824 3518 3781 4701 14679 15329
2, 6, 342 1488 3366 3473 5548 18648
2, 6, 3495 4627 8885 11039 16655
2, 6, 3512 6337 12427 12868 13537 14404 16044 16724
2, 6, 3512 6337 7783 12427 13537 14404 16044 16714 16724
2, 6, 3512 6337 7783 12427 13759 14404 16044 16240 16714
2, 6, 3512 6337 7783 8741 12427 14404 16044 16240 16641 16714
2, 6, 3512 6337 7783 8741 9805 12427 13759 16044 16240 16641 16714
2, 6, 3513 3720 10591 17908 18311
2, 6, 3620 5750 6703 8134 8219 8609 16463 16765 18063 18265
2, 6, 3620 5750 6703 8134 8609 11720 16463 18063 18265
2, 6, 3620 5750 7639 8219 16463 16765 18063 18265
2, 6, 3638 6257 9497 12342 14227
2, 6, 3658 10153 14549 17434 17624 19562
2, 6, 3688 7847 8658 12916 15638 19739
2, 6, 3863 6996 16367 17537 19513
2, 6, 387 2783 3215 5434 8741 9805 15033 16240 16641 16849 19387
2, 6, 387 2783 4159 9081 11730 14650 15033
2, 6, 387 2783 7415 14650 15033 16849
2, 6, 387 2783 7415 15033 16849 19387
2, 6, 387 2783 8741 9081 9805 13759 14650 15033 16240 16641 16849 19387
2, 6, 387 2783 9081 11730 14650 15033 16849 19387
2, 6, 387 3215 5434 16325 16849
2, 6, 387 4159 4751 9081 11730 14650
2, 6, 3904 6624 8298 10275 18675
2, 6, 3926 5355 5671 6711 14599 17327 18049
2, 6, 3926 5355 5876 14599 17327 18049
2, 6, 3932 7455 7854 15853 16104
2, 6, 4034 4923 5694 10120 14403 18168
2, 6, 4060 9226 10148 13071 13760
2, 6, 4159 9081 11730 13759 14650 15033
2, 6, 4159 9081 11730 13759 14650 19360
2, 6, 4202 5572 7338 7355 7741 8105 11838 14168
2, 6, 4202 7338 7355 7741 8105 11838 14168 17544
2, 6, 4268 4563 9897 11112 13891 19309
2, 6, 4304 11791 14693 15391 18936
2, 6, 4325 8529 10793 18012 18518
2, 6, 4325 8529 13541 18012 18518
2, 6, 4395 8677 10148 11420 13071 13705 18213
2, 6, 4418 11401 15165 16249 18527
2, 6, 4485 7403 10280 16520 18869
2, 6, 4538 5791 7039 7477 14978 16401 17373 18484
2, 6, 4538 7039 7417 7477 14978
2, 6, 4758 7639 8219 14960 16765
2, 6, 4897 5019 5844 9637 11179 11845 12500 13716 15034
2, 6, 4897 5844 11179 12500 13716 14981 15034
2, 6, 4916 5572 7338 7355 7741 8105
2, 6, 4916 5572 7338 7355 8105 11838 14168
2, 6, 5137 13626 13742 16169 18464
2, 6, 530 6147 10702 11497 17886
2, 6, 538 7362 10639 11462 12178
2, 6, 5394 6340 7754 8016 18927
2, 6, 557 4695 5892 9293 12540
2, 6, 557 4695 5892 9293 15141
2, 6, 557 5892 9293 10546 12540 15141
2, 6, 5585 5679 15085 16780 19456
2, 6, 5595 13294 13884 14886 16507
2, 6, 5598 5950 6019 7981 9534
2, 6, 5614 11578 11774 12063 12271 14290 17465 17693 17731
2, 6, 5649 8877 13088 13790 17856
2, 6, 5674 7619 12264 12270 12869
2, 6, 5750 8134 8609 11720 13551 18265
2, 6, 5750 8134 8609 13551 18063 18265
2, 6, 578 3081 6681 9624 15758
2, 6, 5791 7039 7477 15796 16401 17373 18484
2, 6, 6076 8583 9404 11011 11013
2, 6, 6105 6794 8042 12517 15804
2, 6, 6152 9113 9274 17783 18836
2, 6, 6180 12572 13513 14361 16743 17563
2, 6, 621 1906 4441 6766 6904 7009 7929 9873 13814 16340 18496
2, 6, 621 1906 4441 6904 7009 9873 11068 12283 18496
2, 6, 621 1906 4441 6904 7009 9873 12283 13814 16340 18496
2, 6, 621 1906 4441 6904 7415 9873
2, 6, 621 2514 6766 6904 7929 9873 13814 16340 17166 18496
2, 6, 621 2514 6766 7929 9054 9873 13814 16340 17166 18496
2, 6, 621 4441 6766 6904 7929 9873 13814 16340 17166 18496
2, 6, 621 6904 7009 9873 13947 18496
2, 6, 6256 6851 16302 17446 18259
2, 6, 6259 14011 16782 17444 18552
2, 6, 6280 8484 14952 16703 17961
2, 6, 6393 8179 8328 9373 19295
2, 6, 651 2134 5596 8946 10103 15504 15834
2, 6, 651 2134 7716 8946 10103 12641 15504 15834
2, 6, 651 2134 7716 8946 12641 15504 15834 16497
2, 6, 6525 12512 12835 14044 17973
2, 6, 6525 9044 12512 12835 17973
2, 6, 6662 9031 10431 12718 19434
2, 6, 7185 9658 10752 11154 14569 15306
2, 6, 7220 8284 13230 15401 18612
2, 6, 7446 8917 10461 14980 16256 17419
2, 6, 7446 8917 10461 16256 17419 19081
2, 6, 7481 8704 14723 14747 17829
2, 6, 7526 12470 13873 18041 18235
2, 6, 757 2003 2095 3078 5733 13044 14124 14264 16325 16790
2, 6, 7716 10557 12136 12641 15215 16497
2, 6, 7716 10557 12136 12641 15834 16497
2, 6, 7765 10256 10602 12606 15999
2, 6, 7765 9207 10602 12606 15999
2, 6, 7897 10424 13525 14316 18660
2, 6, 7901 10319 12211 14529 16605
2, 6, 7901 9829 10319 10822 12211 14529
2, 6, 7903 8090 10967 11380 13296
2, 6, 8156 8896 13782 15282 18199
2, 6, 825 10153 10521 11800 16791 17624 17726 18995
2, 6, 825 3658 10153 10521 17624 18995
2, 6, 825 3658 7741 10521 18995
2, 6, 825 7338 7355 7741 8105 11838
2, 6, 825 7741 10521 11800 14772 16791 17129 17726 18995
2, 6, 825 7741 8105 10521 11800
2, 6, 837 2694 11361 12557 17472
2, 6, 838 1619 7124 14590 19287
2, 6, 8386 9797 13579 14934 19548
2, 6, 8484 8538 14952 17024 17961
2, 6, 8583 9052 9404 11011 11013
2, 6, 859 3796 5453 7240 13420
2, 6, 8631 9797 13579 14934 19548
2, 6, 8677 10148 11420 13071 13760 18213
2, 6, 8677 10148 11420 13705 13760
2, 6, 8752 9614 12541 14549 16075 19471 19562
2, 6, 892 1358 8060 17236 19457
2, 6, 892 4690 8060 19457 19543
2, 6, 8941 13361 14255 14286 16367 18140 18602
2, 6, 8941 9191 9390 10130 12759 14255 14286 16367 17537 17607 18602
2, 6, 8941 9191 9390 10130 12759 14255 14286 16367 17537 18140 18602
2, 6, 8941 9191 9390 10130 12759 14286 15314 16367 17537 17607 18602
2, 6, 8941 9390 10130 12759 14255 14286 16367 17537 17607 18602 19513
2, 6, 8941 9390 10130 14255 14286 16367 17537 18140 18602 19513
2, 6, 9032 10378 10569 13937 16831 18843
2, 6, 9062 11315 13226 16555 19093
2, 6, 9226 10148 13071 13760 18213
2, 6, 9614 10153 14549 17434 17624 19562
2, 6, 9614 12541 14549 17434 19471 19562
2, 6, 962 6596 7168 7764 8291
2, 6, 9658 10752 11154 12906 14569 15306
2, 6, 9658 10752 11154 14569 15921 17785
2, 6, 97 1640 3211 4394 7351 17230
2, 6, 9705 12760 13000 14093 17309
2, 6, 974 4115 4335 5652 17834 18637
2, 6, 974 4115 4335 5652 17916 18637
2, 6, 974 4115 4335 5652 7038 12287 18637
2, 6, 974 4335 5652 7038 8514 17834 18637
2, 6, 974 4335 7038 8514 12287 18637
2, 6, 974 979 4335 7038 12287 18637
2, 6, 979 4335 7038 8514 12287 18637
2, 6, 9826 10518 11696 14401 15202 19020
3, 7, 1013 1098 12675 17591 19516
3, 7, 1013 1098 5432 12675 17591
3, 7, 10153 10521 10902 14130 17624 18995
3, 7, 10153 10521 10902 16791 17624 18995
3, 7, 10521 10902 14130 16791 17726 18995
3, 7, 10521 10902 16791 17624 17726 18995
3, 7, 1059 3272 14434 15363 17046
3, 7, 10697 11451 14865 14966 15411 16000 18662
3, 7, 10902 11509 13746 14130 15502
3, 7, 10902 11509 13746 14130 17726
3, 7, 1098 5432 7746 11940 12675 17591
3, 7, 1099 4202 7338 7355 8105 11797 11838 13110 14168 17544 19769
3, 7, 11179 12500 13148 13716 14981
3, 7, 11235 13294 13884 14886 16507
3, 7, 1128 2201 6070 8151 11385
3, 7, 11295 12300 12369 16778 18176
3, 7, 11578 11774 12063 12271 12572 13513 14290 17465 17693
3, 7, 11578 11774 12063 12271 13513 14290 17465 17693 17731
3, 7, 1162 7613 13796 15888 16344
3, 7, 1175 2613 4505 11264 17662
3, 7, 1175 2613 4505 6834 15761
3, 7, 1187 3525 5281 8667 15606
3, 7, 11898 12992 13948 17804 18719
3, 7, 1346 5438 5891 8994 13718 19892
3, 7, 1400 7249 10156 12085 14638 18844
3, 7, 1400 7249 12085 14638 16219
3, 7, 1400 7249 12085 14638 16699 18844
3, 7, 1400 7249 9707 10156 14445 16616 16699 18844
3, 7, 1400 9028 10156 12085 14638 18844
3, 7, 1400 9028 12085 14638 16219 18844
3, 7, 1414 2537 8997 12483 15880 18732 18898 19570
3, 7, 142 1204 2778 10922 18966
3, 7, 142 1204 2778 9945 18966
3, 7, 142 824 1204 2778 10922
3, 7, 142 824 1204 2778 9945
3, 7, 1498 12541 14549 17434 19471
3, 7, 1507 7961 8495 9013 13145
3, 7, 1507 7961 9013 10744 13145
3, 7, 1570 2218 2713 3863 6996 13301 19513
3, 7, 1570 2218 3863 6996 13301 15314 17537 19513
3, 7, 1570 2218 6996 13301 15314 17537 17607 19513
3, 7, 1604 3658 10153 10521 17624 18995
3, 7, 1636 11007 11352 12943 13569 18813
3, 7, 1640 2245 3211 4394 7351 10458 17230
3, 7, 1640 2245 4394 7351 9698 17230
3, 7, 1640 2245 7351 9698 10458 17230
3, 7, 1640 2245 7351 9698 15194 17230
3, 7, 1646 5936 6364 7062 11050 12245
3, 7, 1646 6364 7062 11050 12245 13504
3, 7, 1646 6364 7062 12245 13269 13504
3, 7, 167 881 3462 4608 9173
3, 7, 1691 2862 5801 6031 14491 18817
3, 7, 1691 2862 5801 6031 9891 18817
3, 7, 1702 3499 15184 16409 18766
3, 7, 1765 2798 7227 10697 14966
3, 7, 1765 7227 10697 14865 14966 16000
3, 7, 1827 15529 15642 16060 16066
3, 7, 1846 5198 6332 7208 17275
3, 7, 1851 4105 10883 11131 19624
3, 7, 1851 4105 10883 17744 18354 19624
3, 7, 1890 4315 6414 12845 13016
3, 7, 1890 6414 7489 12845 13016
3, 7, 1906 4441 6904 7009 7415 9873 11068 12283
3, 7, 1967 7188 10164 10312 16285
3, 7, 2003 2095 3078 5733 10475 13044 14124 14264 16325 16790 19895
3, 7, 2003 3020 3078 3215 5434 5733 10475 13044 14188 14264 16325 16790 19895
3, 7, 2003 3020 3078 5434 5733 10475 13044 14124 14188 14264 16325 16790 19895
3, 7, 2003 3078 3215 5434 5733 10475 13044 14124 14188 14264 16325 16790 19895
3, 7, 2003 3215 5434 10475 14188 16325 16790 16849
3, 7, 2031 7526 12470 13302 13873 18041
3, 7, 2037 3567 4308 6774 9830 15573
3, 7, 2037 4308 6774 12965 15573
3, 7, 2069 7288 10553 13112 13493
3, 7, 2109 6736 10499 14335 17191
3, 7, 2115 3899 7717 16179 16310
3, 7, 2127 2579 3158 12868 13537 14404
3, 7, 2127 2579 3158 4574 5032 6691 7530 12197
3, 7, 2127 2579 3158 5032 6691 12197 12868 13537
3, 7, 2127 2579 3512 12868 13537 14404
3, 7, 2127 2579 8014 12197 12868
3, 7, 2127 3158 12197 12868 13537 16724
3, 7, 2127 3158 12868 13537 14404 16724
3, 7, 2127 3158 13537 16724 19421
3, 7, 2127 3158 4574 5032 5437 6691 7530 12197
3, 7, 2127 3158 4574 5032 6691 7530 12197 19421
3, 7, 2127 3158 5032 6691 12197 13537 19421
3, 7, 2127 3512 6337 12868 13537 14404 16724
3, 7, 2134 4583 5596 8946 10103 15504
3, 7, 2139 16778 17067 18176 19085
3, 7, 2139 4916 5572 7355 7741
3, 7, 2218 2713 3863 6996 13301 17537 19513
3, 7, 2218 3863 16367 17537 19513
3, 7, 2218 6996 10130 15314 16367 17537 17607 19513
3, 7, 2218 9390 10130 12759 14286 15314 16367 17537 17607 18602 19513
3, 7, 2224 4786 6153 11492 13909
3, 7, 2224 4786 6153 13909 14111
3, 7, 223 3015 3796 10599 13420
3, 7, 2272 9707 14445 16616 16699
3, 7, 2294 3688 7847 8184 8658 12916
3, 7, 2294 3688 7847 8184 8658 13077
3, 7, 2294 3688 7847 8184 8658 19739
3, 7, 2294 3688 7847 8658 12916 19739
3, 7, 2294 3688 7847 8658 15638 19739
3, 7, 2307 4172 4313 6874 10409
3, 7, 2315 3054 4404 4676 5418 12378 17337
3, 7, 2360 7901 9829 10822 17039
3, 7, 2404 2868 6172 13170 14522
3, 7, 2470 6082 7507 8590 10255 11191
3, 7, 2514 2634 8895 9054 14220
3, 7, 2514 6766 7929 8895 9054 13814 17166
3, 7, 2579 3512 6337 12427 12868 13537 14404
3, 7, 268 3620 5750 6703 11720 16463 18265
3, 7, 268 3620 5750 6703 8219 16463 16765 18265
3, 7, 2723 11726 13973 14869 15762
3, 7, 2723 8530 13973 14869 15762
3, 7, 2740 4325 10793 18012 18518
3, 7, 2740 4325 8529 18012 18518
3, 7, 2783 3215 5434 7783 8741 9805 10475 14188 16240 16641 16714 16849 19387
3, 7, 2783 3215 5434 7783 8741 9805 14188 15033 16240 16641 16714 16849 19387
3, 7, 2783 3215 5434 8741 9805 10475 14188 15033 16240 16641 16849 19387
3, 7, 2783 7783 8741 9081 9805 13759 15033 16240 16641 16714 16849 19387
3, 7, 2783 7783 8741 9805 12427 13759 16044 16240 16641 16714 19387
3, 7, 2783 7783 8741 9805 12427 15033 16044 16240 16641 16714 19387
3, 7, 2783 7783 8741 9805 13759 15033 16044 16240 16641 16714 19387
3, 7, 2783 9081 11730 13759 14650 15033 19387 19880
3, 7, 2783 9081 13759 14650 15033 19360 19387 19880
3, 7, 2783 9081 9805 13759 14650 15033 16849 19387 19880
3, 7, 2798 2861 3422 7227 12137
3, 7, 2843 4977 5709 15702 15974
3, 7, 2862 5801 9891 15917 18817
3, 7, 2908 5463 8395 11253 15262
3, 7, 2940 5621 6353 7021 18718
3, 7, 2948 5240 6554 15769 17094
3, 7, 297 1765 10697 11451 14865 14966 15411 16000
3, 7, 297 1765 2122 11451 12178 14865 14966
3, 7, 297 1765 2122 2224 11451 12178 13909 14966
3, 7, 297 1765 2122 2224 11451 13909 14865 14966 15411 16000
3, 7, 297 2122 11451 13909 14865 14966 15411 16000 18662
3, 7, 297 2122 2224 11451 13909 15411 18662
3, 7, 297 2122 2224 11492 12178 13909
3, 7, 297 2122 2224 6153 11492 13909
3, 7, 3015 3796 5453 10599 13420
3, 7, 3015 3796 5453 7240 13420
3, 7, 3054 3962 4404 4676 12378 17337
3, 7, 3062 3216 13551 15908 18028
3, 7, 3094 5045 7773 10680 15290
3, 7, 3158 4574 5032 5437 6691 7530 12197 19421
3, 7, 3191 3962 4404 4676 9435 12378
3, 7, 3215 5434 7783 8741 12427 16044 16240 16641 16714
3, 7, 3215 5434 7783 8741 9805 16044 16240 16641 16714
3, 7, 3215 5434 8741 10475 14188 14264 16325 16790
3, 7, 3215 5434 8741 10475 14188 16325 16849
3, 7, 3215 5434 8741 10475 14188 16641 16790
3, 7, 3215 6337 7783 8741 12427 16044 16240 16641 16714
3, 7, 3215 7783 8741 9805 12427 16044 16240 16641 16714
3, 7, 3215 7783 8741 9805 16044 16240 16641 16714 19387
3, 7, 3223 4684 6525 12512 12835 14044
3, 7, 3275 7220 8284 15401 15770 18612
3, 7, 3288 4424 6155 11662 18912
3, 7, 329 1099 3640 4202 7338 8105 11797 11838 13110 14168 17544 19769
3, 7, 329 1099 3640 4202 7338 8105 9416 11838 13110 14168 17544 19769
3, 7, 329 1099 3640 4202 7338 9416 11797 11838 13110 14168 17544 19769
3, 7, 329 1099 3640 4202 9416 11797 11838 13110 14168 17544 19277 19397 19769
3, 7, 329 1604 3640 3658 4202 7338 8105 9416 11764 17544
3, 7, 329 1604 3640 4202 7338 8105 9416 11764 11838 14168 17544
3, 7, 329 3640 4202 7338 9416 11764 11838 14168 17544 19769
3, 7, 329 3640 4202 9416 11764 11838 14168 17544 19277 19397 19769
3, 7, 329 3640 4828 9416 11764 19277 19397
3, 7, 337 1824 3518 3781 4701 14679 15329
3, 7, 342 1488 3366 3473 5548 18648
3, 7, 3495 4627 8885 11039 16655
3, 7, 3512 6337 12427 12868 13537 14404 16044 16724
3, 7, 3512 6337 7783 12427 12868 13537 14404 16044 16714
3, 7, 3512 6337 7783 12427 13537 14404 16044 16714 16724
3, 7, 3512 6337 7783 12427 13759 16044 16240 16641 16714
3, 7, 3512 6337 7783 12427 14404 16044 16240 16641 16714
3, 7, 3512 6337 7783 8741 9805 12427 16044 16240 16641 16714
3, 7, 3513 3720 10591 17908 18311
3, 7, 3521 4132 5997 8214 9468
3, 7, 3620 5750 6703 8134 8219 8609 16463 16765 18063 18265
3, 7, 3620 5750 6703 8134 8609 11720 16463 18063 18265
3, 7, 3620 5750 7639 8219 16463 16765 18063 18265
3, 7, 3638 6257 9497 12342 14227
3, 7, 3658 10153 10521 16791 17624 18995
3, 7, 3658 10153 14549 17434 17624 19562
3, 7, 3688 7847 8658 12916 15638 19739
3, 7, 387 2783 3215 5434 8741 9805 15033 16240 16641 16849 19387
3, 7, 387 2783 7415 15033 16849 19387
3, 7, 387 2783 8741 9081 9805 13759 14650 15033 16240 16641 16849 19387
3, 7, 387 2783 9081 11730 14650 15033 16849 19387 19880
3, 7, 387 2783 9081 9805 14650 15033 16849 19387 19880
3, 7, 387 4159 4751 9081 11730 14650
3, 7, 387 4159 9081 11730 14650 15033 19880
3, 7, 3904 6624 8298 10275 18675
3, 7, 3926 5355 5671 6711 14599 17327 18049
3, 7, 3926 5355 5876 14599 17327 18049
3, 7, 3932 7455 7854 15853 16104
3, 7, 3932 7455 7854 15853 19970
3, 7, 4034 4923 5694 10120 14403 18168
3, 7, 4159 4751 9081 11730 14650 19880
3, 7, 4159 9081 11730 13759 14650 19880
3, 7, 4202 5572 7338 7355 7741 8105 11838 14168
3, 7, 4202 7338 7355 7741 8105 11838 14168 17544
3, 7, 4268 4563 9897 11112 13891 19309
3, 7, 4304 11791 14693 15391 18936
3, 7, 4325 8529 10793 18012 18518
3, 7, 4395 8677 10148 11420 13071 13705 18213
3, 7, 4418 11401 15165 16249 18527
3, 7, 4485 7403 10280 16520 18869
3, 7, 4538 5791 7039 7477 14978 16401 17373 18484
3, 7, 4538 7039 7417 7477 14978
3, 7, 4598 6257 9497 12342 14227
3, 7, 4897 5019 5844 9637 11179 11845 12500 13716 15034
3, 7, 4897 5844 11179 12500 13716 14981 15034
3, 7, 4916 5572 7338 7355 8105
3, 7, 4916 5572 7355 7741 8105
3, 7, 5090 5591 12780 18840 19887
3, 7, 5090 5591 16059 18840 19887
3, 7, 5137 13626 13742 16169 18464
3, 7, 530 6147 10702 11497 17886
3, 7, 538 7362 10639 11462 12178
3, 7, 5394 6340 7754 8016 18927
3, 7, 557 5892 10546 12540 15141
3, 7, 557 5892 9293 10546 12540
3, 7, 557 5892 9293 12540 15141
3, 7, 5585 5679 15085 16780 19456
3, 7, 5595 13294 13884 14886 16507
3, 7, 5598 5950 6019 7981 9534
3, 7, 5614 11578 11774 12063 12271 14290 17465 17693 17731
3, 7, 5649 8877 13088 13790 17856
3, 7, 5674 7619 12264 12270 12869
3, 7, 5750 8134 8609 11720 13551 18265
3, 7, 5750 8134 8609 13551 18063 18265
3, 7, 578 3081 6681 9624 15758
3, 7, 5791 7039 7477 15796 16401 17373 18484
3, 7, 6076 8583 9404 11011 11013
3, 7, 6105 6794 8042 12517 15804
3, 7, 6152 9113 9274 17783 18836
3, 7, 6180 12572 13513 14361 16743 17563
3, 7, 621 1906 4441 6766 6904 7009 7929 9873 13814 16340 18496
3, 7, 621 1906 4441 6904 7009 7415 9873 11068 18496
3, 7, 621 1906 4441 6904 7009 9873 11068 12283 16340 18496
3, 7, 621 1906 4441 6904 7009 9873 12283 13814 16340 18496
3, 7, 621 2514 6766 6904 7929 9873 13814 16340 17166 18496
3, 7, 621 2514 6766 7929 9054 9873 13814 16340 17166 18496
3, 7, 621 4441 6766 6904 7929 9873 13814 16340 17166 18496
3, 7, 6256 6851 16302 17446 18259
3, 7, 6259 14011 16782 17444 18552
3, 7, 6280 8484 14952 16703 17961
3, 7, 6337 7783 8741 9805 12427 13759 16044 16240 16641 16714
3, 7, 6337 7783 8741 9805 12427 16044 16240 16641 16714 19387
3, 7, 6393 8179 8328 9373 19295
3, 7, 651 2134 5596 8946 10103 15504
3, 7, 651 2134 7716 8946 10103 12641 15504 15834
3, 7, 651 2134 7716 8946 12641 15504 15834 16497
3, 7, 651 7716 10557 12641 15834 16497
3, 7, 6525 9044 12512 12835 14044 17973
3, 7, 6662 9031 10431 12718 19434
3, 7, 6904 7009 9873 13947 18496
3, 7, 6912 7903 8090 10967 13296
3, 7, 7185 9658 10752 11154 14569 15306
3, 7, 7446 8917 10461 14980 16256 17419
3, 7, 7446 8917 10461 16256 17419 19081
3, 7, 7481 8704 14723 14747 17829
3, 7, 7526 12470 13873 18041 18235
3, 7, 757 2003 2095 3020 3078 5733 13044 14124 14264 16325 16790 19895
3, 7, 7716 10557 12136 12641 15215 16497
3, 7, 7716 10557 12136 12641 15834 16497
3, 7, 7765 10256 10602 12606 15999
3, 7, 7765 9207 10602 12606 15999
3, 7, 7897 10424 13525 14316 18660
3, 7, 7901 10319 12211 14529 16605
3, 7, 7901 9829 10319 10822 12211 14529
3, 7, 7903 8090 10967 11380 13296
3, 7, 8156 8896 13782 15282 18199
3, 7, 825 10153 10521 11800 16791 17624 18995
3, 7, 825 10521 11800 14772 16791 17129 17726 18995
3, 7, 825 10521 11800 16791 17624 17726 18995
3, 7, 825 3658 10153 10521 17624 18995
3, 7, 825 7338 7355 7741 8105 11838
3, 7, 825 7741 10521 11800 14772 16791 17129 18995
3, 7, 8284 11634 13230 14161 19856 19920
3, 7, 8284 13230 14161 15401 19856 19920
3, 7, 837 2694 11361 12557 17472
3, 7, 838 1619 7124 14590 19287
3, 7, 8386 9797 13579 14934 19548
3, 7, 8484 8538 14952 17024 17961
3, 7, 8530 17849 18670 18881 19619
3, 7, 8583 9052 9404 11011 11013
3, 7, 859 3796 5453 7240 13420
3, 7, 8631 9797 13579 14934 19548
3, 7, 8677 10148 11420 13071 13705 13760 18213
3, 7, 8752 9614 12541 14549 16075 19471 19562
3, 7, 892 4690 8060 19457 19543
3, 7, 8941 13361 14255 14286 16367 18140 18602
3, 7, 8941 9191 9390 10130 12759 14255 14286 16367 17537 17607 18602
3, 7, 8941 9191 9390 10130 12759 14255 14286 16367 17537 18140 18602
3, 7, 8941 9390 10130 12759 14255 14286 16367 17537 17607 18602 19513
3, 7, 8941 9390 10130 12759 14255 14286 16367 17537 18140 18602 19513
3, 7, 8941 9390 10130 12759 14286 15314 16367 17537 17607 18602 19513
3, 7, 9032 10378 10569 13937 16831 18843
3, 7, 9062 11315 13226 16555 19093
3, 7, 9081 11730 13759 14650 19360 19880
3, 7, 9081 13759 14650 15033 16240 19360
3, 7, 9191 9390 10130 12759 14286 15314 17537 17607 18602
3, 7, 9226 10148 13071 13760 18213
3, 7, 9614 10153 14549 17434 17624 19562
3, 7, 9614 12541 14549 17434 19471 19562
3, 7, 962 6596 7168 7764 8291
3, 7, 9658 10752 11154 12906 14569 15306
3, 7, 9658 10752 11154 14569 15921 17785
3, 7, 97 1640 3211 4394 7351 17230
3, 7, 97 903 5273 7466 8972
3, 7, 9705 12760 13000 14093 17309
3, 7, 974 4115 4335 5652 17834 18637
3, 7, 974 4115 4335 5652 17916 18637
3, 7, 974 4115 4335 5652 7038 12287 18637
3, 7, 974 4335 5652 7038 8514 17834 18637
3, 7, 974 979 4335 7038 12287 18637
3, 7, 974 979 4335 7038 8514 18637
3, 7, 9826 10518 11696 14401 15202 19020
4, 8, 1013 1098 12675 17591 19516
4, 8, 1013 1098 5432 12675 17591
4, 8, 10153 10521 10902 16791 17624 18995
4, 8, 10378 10569 13937 16831 18843
4, 8, 10521 10902 14130 17624 18995
4, 8, 10521 10902 14130 17726 18995
4, 8, 10521 10902 16791 17624 17726 18995
4, 8, 1059 3272 14434 15363 17046
4, 8, 10902 11509 13746 14130 15502
4, 8, 10902 11509 13746 14130 17726
4, 8, 1098 5432 12675 17591 19516
4, 8, 1098 5432 7746 11940 12675 17591
4, 8, 1099 4202 7338 7355 8105 11797 11838 13110 14168 17544 19769
4, 8, 11179 12500 13148 13716 14981
4, 8, 11235 13294 13884 14886 16507
4, 8, 1128 2201 6070 8151 11385
4, 8, 11295 12300 12369 16778 18176
4, 8, 11578 11774 12063 12271 12572 13513 14290 17465 17693 17731
4, 8, 1162 7613 13796 15888 16344
4, 8, 1175 2613 4505 6834 15761
4, 8, 1187 3525 5281 8667 15606
4, 8, 11898 12992 13948 17804 18719
4, 8, 1346 5438 5891 8994 13718
4, 8, 1346 5438 8994 13718 19892
4, 8, 1400 7249 10156 12085 14638 18844
4, 8, 1400 7249 12085 14638 16699 18844
4, 8, 1400 7249 9028 12085 14638 16219
4, 8, 1400 7249 9028 12085 14638 18844
4, 8, 1400 7249 9707 10156 14445 16616 18844
4, 8, 1400 7249 9707 10156 14445 16699 18844
4, 8, 1400 9028 10156 12085 14638 18844
4, 8, 1400 9028 12085 14638 16219 18844
4, 8, 1414 2537 8997 12483 15880 18732 18898 19570
4, 8, 142 1204 2778 9945 18966
4, 8, 142 2778 5627 10922 18966
4, 8, 142 824 1204 2778 10922 18966
4, 8, 142 824 1204 2778 9945
4, 8, 1498 12541 14549 17434 19471 19562
4, 8, 1507 7961 8495 9013 10744 13145
4, 8, 1570 2218 2713 3863 6996 13301 19513
4, 8, 1570 2218 3863 6996 13301 15314 17537 19513
4, 8, 1570 2218 6996 13301 15314 17537 17607 19513
4, 8, 1604 3640 3658 10153 11764
4, 8, 1604 3658 10153 10521 17624 18995
4, 8, 1604 3658 10153 17434 17624
4, 8, 1636 11007 11352 12943 13569 18813
4, 8, 1640 2245 3211 4394 7351 10458 17230
4, 8, 1640 2245 3211 4394 7351 9698 17230
4, 8, 1640 2245 4394 7351 9698 15194 17230
4, 8, 1640 2245 7351 9698 10458 17230
4, 8, 1640 3211 7351 13014 17230
4, 8, 1646 5936 6364 7062 11050 12245
4, 8, 1646 6364 7062 11050 12245 13504
4, 8, 1646 6364 7062 12245 13269 13504
4, 8, 167 881 3462 4608 9173
4, 8, 1691 2862 5801 6031 14491 18817
4, 8, 1691 2862 5801 6031 9891 18817
4, 8, 1702 3499 15184 16409 18766
4, 8, 1765 10697 11451 12178 14966
4, 8, 1765 10697 11451 14865 14966 15411 16000 18662
4, 8, 1765 7227 10697 14865 14966 16000
4, 8, 1827 15529 15642 16060 16066
4, 8, 1846 5198 6332 7208 17275
4, 8, 1851 10883 11131 18354 19624
4, 8, 1851 4105 10883 11131 19624
4, 8, 1851 4105 10883 17744 18354 19624
4, 8, 1890 4315 6414 12845 13016
4, 8, 1890 6414 7489 12845 13016
4, 8, 1906 4441 6904 7009 7415 9873 11068 12283 18496
4, 8, 2003 2095 3078 5733 10475 13044 14124 14264 16325 16790 19895
4, 8, 2003 3020 3078 3215 5434 5733 10475 13044 14124 14188 14264 16325 16790 19895
4, 8, 2003 3215 5434 10475 14188 16325 16790 16849
4, 8, 2031 7526 12470 13302 13873 18041
4, 8, 2037 3567 4308 6774 9830 15573
4, 8, 2037 4308 6774 12965 15573
4, 8, 2069 7288 10553 13112 13493
4, 8, 2109 6736 10499 14335 17191
4, 8, 2115 3899 7717 16179 16310
4, 8, 2122 2224 6153 11492 13909
4, 8, 2127 2579 3158 12868 13537 14404
4, 8, 2127 2579 3158 4574 5032 6691 7530 12197
4, 8, 2127 2579 3158 5032 6691 12197 12868 13537
4, 8, 2127 2579 3512 12868 13537 14404
4, 8, 2127 2579 8014 12197 12868
4, 8, 2127 3158 12197 12868 13537 16724
4, 8, 2127 3158 12868 13537 14404 16724
4, 8, 2127 3158 13537 16724 19421
4, 8, 2127 3158 4574 5032 5437 6691 7530 12197
4, 8, 2127 3158 4574 5032 6691 7530 12197 19421
4, 8, 2127 3158 5032 6691 12197 13537 19421
4, 8, 2127 3512 6337 12868 13537 14404 16724
4, 8, 2134 4583 5596 8946 10103
4, 8, 2139 16778 17067 18176 19085
4, 8, 2139 4916 5572 7355 19085
4, 8, 2139 4916 5572 7355 7741
4, 8, 2218 6996 10130 15314 17537 17607 19513
4, 8, 2218 9390 10130 12759 14286 15314 16367 17537 17607 18602 19513
4, 8, 2224 4786 6153 11492 13909
4, 8, 2224 4786 6153 13909 14111
4, 8, 223 3015 3796 10599 13420
4, 8, 2272 9707 14445 16616 16699
4, 8, 2294 3688 7847 8184 8658 12916
4, 8, 2294 3688 7847 8184 8658 13077
4, 8, 2294 3688 7847 8184 8658 19739
4, 8, 2294 3688 7847 8658 12916 15638 19739
4, 8, 2307 4172 4313 6874 10409
4, 8, 2315 3054 4404 4676 5418 12378 17337
4, 8, 2360 7901 9829 10822 17039
4, 8, 2404 2868 6172 13170 14522
4, 8, 2470 6082 7507 8590 10255 11191
4, 8, 2514 2634 8895 9054 14220
4, 8, 2514 6766 7929 8895 9054 13814 17166
4, 8, 2546 4470 14489 15316 16514
4, 8, 2579 3512 6337 12427 12868 13537 14404
4, 8, 268 3620 5750 6703 11720 16463 18265
4, 8, 268 3620 5750 6703 8219 16463 16765 18265
4, 8, 2723 11726 13973 14869 15762
4, 8, 2723 8530 13973 14869 15762
4, 8, 2740 4325 10793 18012 18518
4, 8, 2740 4325 8529 18012 18518
4, 8, 2783 3215 5434 7783 8741 9805 14188 16240 16641 16714 16849 19387
4, 8, 2783 3215 5434 7783 8741 9805 15033 16240 16641 16714 16849 19387
4, 8, 2783 3215 5434 8741 9805 10475 14188 15033 16240 16641 16849 19387
4, 8, 2783 3215 5434 8741 9805 10475 14188 16240 16641 16714 19387
4, 8, 2783 7783 8741 9081 9805 13759 15033 16240 16641 16714 16849 19387
4, 8, 2783 7783 8741 9805 12427 16044 16240 16641 16714 19387
4, 8, 2783 7783 8741 9805 13759 15033 16044 16240 16641 16714 19387
4, 8, 2783 9081 11730 13759 14650 15033 19880
4, 8, 2783 9081 13759 14650 15033 16240 19360 19387
4, 8, 2783 9081 13759 14650 15033 19360 19387 19880
4, 8, 2798 2861 3422 7227 12137
4, 8, 2843 4977 5709 15702 15974
4, 8, 2862 5801 9891 15917 18817
4, 8, 2908 5463 8395 11253 15262
4, 8, 2940 5621 6353 7021 18718
4, 8, 2948 5240 6554 15769 17094
4, 8, 297 1765 10697 11451 14865 14966 15411 16000
4, 8, 297 1765 2122 2224 11451 12178 13909 14966
4, 8, 297 1765 2122 2224 11451 13909 14865 14966 15411
4, 8, 297 1765 2122 2224 11451 14865 14966 15411 16000
4, 8, 297 2122 11451 13909 14865 14966 15411 18662
4, 8, 297 2122 11451 14865 14966 15411 16000 18662
4, 8, 297 2122 2224 11451 13909 14966 15411 18662
4, 8, 297 2122 2224 11492 12178 13909
4, 8, 297 2122 2224 6153 13909
4, 8, 3015 3796 5453 10599 13420
4, 8, 3015 3796 5453 7240 13420
4, 8, 3054 3962 4404 4676 12378 17337
4, 8, 3094 5045 7773 10680 15290
4, 8, 3158 4574 5032 5437 6691 7530 19421
4, 8, 3191 3962 4404 4676 9435 12378
4, 8, 3215 5434 7783 8741 16044 16240 16641 16714
4, 8, 3215 5434 7783 8741 9805 10475 14188 16240 16641 16714 19387
4, 8, 3215 5434 8741 10475 14188 14264 16325 16790
4, 8, 3215 5434 8741 10475 14188 16325 16790 16849
4, 8, 3215 5434 8741 10475 14188 16641 16790
4, 8, 3215 5434 8741 9805 10475 14188 16325 16849
4, 8, 3215 7783 12427 16044 16240 16641 16714
4, 8, 3215 7783 8741 9805 16044 16240 16641 16714
4, 8, 3223 4684 6525 12512 12835 14044
4, 8, 3275 7220 8284 15401 15770 18612
4, 8, 3288 4424 6155 11662 18912
4, 8, 329 1099 3640 4202 7338 8105 11797 11838 13110 14168 17544 19769
4, 8, 329 1099 3640 4202 7338 8105 9416 11838 13110 14168 17544 19769
4, 8, 329 1099 3640 4202 7338 9416 11797 11838 13110 14168 17544 19769
4, 8, 329 1099 3640 4202 9416 11764 14168 17544 19277 19397 19769
4, 8, 329 1099 3640 4202 9416 11797 11838 13110 14168 17544 19277 19397 19769
4, 8, 329 1604 3640 3658 4202 7338 8105 11764 17544
4, 8, 329 1604 3640 3658 4202 9416 11764 17544
4, 8, 329 1604 3640 4202 7338 8105 9416 11764 11838 14168 17544
4, 8, 329 3640 4202 7338 9416 11764 11838 14168 17544 19769
4, 8, 329 3640 4202 9416 11764 11838 14168 17544 19277 19397 19769
4, 8, 337 1824 3518 3781 4701 14679 15329
4, 8, 342 1488 3366 3473 5548 18648
4, 8, 3495 4627 8885 11039 16655
4, 8, 3512 6337 7783 12427 12868 13537 14404 16044 16714
4, 8, 3512 6337 7783 12427 12868 13537 14404 16044 16724
4, 8, 3512 6337 7783 12427 13537 14404 16044 16714 16724
4, 8, 3512 6337 7783 12427 13759 16044 16240 16641 16714
4, 8, 3512 6337 7783 12427 14404 16044 16240 16641 16714
4, 8, 3512 6337 7783 8741 9805 12427 16044 16240 16641 16714
4, 8, 3513 3720 10591 17908 18311
4, 8, 3521 4132 5997 8214 9468
4, 8, 3620 4758 7639 8219 16765
4, 8, 3620 5750 6703 8134 8219 8609 16463 16765 18063 18265
4, 8, 3620 5750 6703 8134 8609 11720 16463 18063 18265
4, 8, 3620 7639 8219 16463 16765 18063
4, 8, 3622 10518 11696 14401 19020
4, 8, 3638 6257 9497 12342 14227
4, 8, 3658 10153 14549 17434 17624 19562
4, 8, 387 2783 3215 8741 9805 15033 16240 16641 16849 19387
4, 8, 387 2783 8741 9081 9805 13759 14650 15033 16240 16641 16849 19387
4, 8, 387 2783 9081 9805 13759 14650 15033 16849 19387 19880
4, 8, 387 4159 4751 9081 11730 14650
4, 8, 387 4159 9081 11730 14650 19880
4, 8, 387 9081 11730 14650 15033 19880
4, 8, 3904 6624 8298 10275 18675
4, 8, 3926 5355 5671 6711 14599 17327 18049
4, 8, 3926 5355 5876 14599 17327 18049
4, 8, 3932 7455 7854 15853 16104
4, 8, 3932 7455 7854 15853 19970
4, 8, 4034 4923 5694 10120 14403 18168
4, 8, 4159 4751 9081 11730 14650 19880
4, 8, 4159 9081 11730 13759 14650 19880
4, 8, 4202 5572 7338 7355 7741 8105 11838 14168
4, 8, 4202 7338 7355 7741 8105 11838 14168 17544
4, 8, 4268 4563 9897 11112 13891 19309
4, 8, 4304 11791 14693 15391 18936
4, 8, 4325 8529 10793 18012 18518
4, 8, 4395 8677 10148 11420 13071 13705 18213
4, 8, 4418 11401 15165 16249 18527
4, 8, 4485 7403 10280 16520 18869
4, 8, 4538 5791 7039 7477 14978 16401 17373 18484
4, 8, 4538 7039 7417 7477 14978
4, 8, 4574 5437 7530 14656 15872
4, 8, 4598 6257 9497 12342 14227
4, 8, 4828 9416 11764 19277 19397
4, 8, 4897 5019 5844 9637 11179 11845 12500 13716 15034
4, 8, 4897 5844 11179 12500 13716 14981 15034
4, 8, 4916 5572 7355 7741 8105
4, 8, 5090 5591 12780 18840 19887
4, 8, 5090 5591 16059 18840 19887
4, 8, 5137 13626 13742 16169 18464
4, 8, 530 6147 10702 11497 17886
4, 8, 538 7362 10639 11462 12178
4, 8, 5394 6340 7754 8016 18927
4, 8, 5437 5974 13544 14656 15872
4, 8, 557 5892 10546 12540 15141
4, 8, 557 5892 9293 10546 12540
4, 8, 557 5892 9293 12540 15141
4, 8, 5585 5679 15085 16780 19456
4, 8, 5595 13294 13884 14886 16507
4, 8, 5598 5950 6019 7981 9534
4, 8, 5614 11578 11774 12063 12271 14290 17465 17693 17731
4, 8, 5649 8877 13088 13790 17856
4, 8, 5674 7619 12264 12270 12869
4, 8, 5750 8134 8609 11720 13551 18265
4, 8, 578 3081 6681 9624 15758
4, 8, 5791 7039 7477 15796 16401 17373 18484
4, 8, 6105 6794 8042 12517 15804
4, 8, 6152 9113 9274 17783 18836
4, 8, 6180 12572 13513 16743 17563
4, 8, 6180 13513 14361 16743 17563
4, 8, 621 1906 4441 6766 6904 7009 9873 13814 16340 18496
4, 8, 621 1906 4441 6766 6904 7929 9873 13814 16340 18496
4, 8, 621 1906 4441 6904 7009 7415 9873 11068 18496
4, 8, 621 1906 4441 6904 7009 9873 11068 12283 16340 18496
4, 8, 621 1906 4441 6904 7009 9873 12283 13814 16340 18496
4, 8, 621 1906 4441 6904 7415 9873 13814 18496
4, 8, 621 2514 6766 6904 7929 9873 13814 16340 17166 18496
4, 8, 621 2514 6766 7929 9054 9873 13814 16340 17166 18496
4, 8, 621 4441 6766 6904 7929 9873 13814 16340 17166 18496
4, 8, 6256 6851 16302 17446 18259
4, 8, 6259 14011 16782 17444 18552
4, 8, 6280 8484 14952 16703 17961
4, 8, 6337 7783 8741 9805 12427 16044 16240 16641 16714 19387
4, 8, 651 2134 5596 8946 10103 15504
4, 8, 651 2134 7716 8946 10103 12641 15504 15834
4, 8, 651 2134 7716 8946 12641 15504 15834 16497
4, 8, 651 7716 10557 12136 12641 15834 16497
4, 8, 6525 9044 12512 12835 14044 17973
4, 8, 6662 9031 10431 12718 19434
4, 8, 6904 7009 9873 13947 18496
4, 8, 6912 7903 8090 10967 13296
4, 8, 7185 9658 10752 11154 14569 15306
4, 8, 7249 9707 10156 14445 16616 16699 18844
4, 8, 7446 8917 10461 14980 16256 17419
4, 8, 7446 8917 10461 16256 17419 19081
4, 8, 7481 8704 14723 14747 17829
4, 8, 7526 12470 13873 18041 18235
4, 8, 757 2003 2095 3020 3078 5733 13044 14124 14264 16325 16790 19895
4, 8, 7716 10557 12136 12641 15215 16497
4, 8, 7765 10256 10602 12606 15999
4, 8, 7765 9207 10602 12606 15999
4, 8, 7783 9081 13759 16240 19360
4, 8, 7783 9805 12427 13759 16044 16240 16641 16714
4, 8, 7897 10424 13525 14316 18660
4, 8, 7901 10319 12211 14529 16605
4, 8, 7901 9829 10319 10822 12211 14529
4, 8, 7903 8090 10967 11380 13296
4, 8, 8156 8896 13782 15282 18199
4, 8, 825 10153 10521 11800 16791 17624 18995
4, 8, 825 10521 11800 14772 16791 17129 17726 18995
4, 8, 825 10521 11800 16791 17624 17726 18995
4, 8, 825 1604 3658 10153 10521 18995
4, 8, 825 3658 10153 10521 16791 17624 18995
4, 8, 825 4202 7338 7355 7741 8105 11838
4, 8, 825 7741 10521 11800 14772 16791 17129 18995
4, 8, 8284 11634 13230 14161 19856 19920
4, 8, 8284 13230 14161 15401 19856 19920
4, 8, 837 2694 11361 12557 17472
4, 8, 838 1619 7124 14590 19287
4, 8, 8386 9797 13579 14934 19548
4, 8, 8484 8538 14952 17024 17961
4, 8, 8530 17849 18670 18881 19619
4, 8, 8583 9052 9404 11011 11013
4, 8, 859 3796 5453 7240 13420
4, 8, 8631 9797 13579 14934 19548
4, 8, 8677 10148 11420 13071 13705 13760 18213
4, 8, 8677 9226 10148 13071 13760 18213
4, 8, 8752 9614 12541 14549 16075 19471 19562
4, 8, 892 4690 8060 19457 19543
4, 8, 8941 13361 14255 14286 16367 18140 18602
4, 8, 8941 9191 9390 10130 12759 14255 14286 16367 17537 17607 18602
4, 8, 8941 9191 9390 10130 12759 14255 14286 16367 17537 18140 18602
4, 8, 8941 9390 10130 12759 14255 14286 16367 17537 17607 18602 19513
4, 8, 8941 9390 10130 12759 14255 14286 16367 17537 18140 18602 19513
4, 8, 8941 9390 10130 12759 14286 15314 16367 17537 17607 18602 19513
4, 8, 9032 10378 10569 13937 18843
4, 8, 9062 11315 13226 16555 19093
4, 8, 9081 11730 13759 14650 19360 19880
4, 8, 9614 10153 14549 17434 17624 19562
4, 8, 9614 12541 14549 17434 19471 19562
4, 8, 962 6596 7168 7764 8291
4, 8, 9658 10752 11154 12906 14569 15306
4, 8, 9658 10752 11154 14569 15921 17785
4, 8, 97 1640 3211 4394 7351 17230
4, 8, 97 903 5273 7466 8972
4, 8, 9705 12760 13000 14093 17309
4, 8, 974 4115 4335 5652 17916 18637
4, 8, 974 4115 4335 5652 7038 12287 18637
4, 8, 974 4115 4335 5652 7038 17834 18637
4, 8, 974 4335 5652 7038 8514 17834 18637
4, 8, 974 979 4335 7038 12287 18637
4, 8, 974 979 4335 7038 8514 18637
4, 8, 9826 10518 11696 14401 15202 19020
5, 9, 1013 1098 5432 12675 17591 19516
5, 9, 10153 10521 10902 16791 17624 18995
5, 9, 10378 10569 13937 16831 18843
5, 9, 10521 10902 14130 17624 18995
5, 9, 10521 10902 14130 17726 18995
5, 9, 10521 10902 16791 17624 17726 18995
5, 9, 1059 3272 14434 15363 17046
5, 9, 10902 11509 13746 14130 15502
5, 9, 10902 11509 13746 14130 17726
5, 9, 1098 5432 7746 11940 12675 17591
5, 9, 1099 4202 7338 7355 8105 11797 11838 13110 14168 19769
5, 9, 1099 4202 7338 7355 8105 11838 13110 14168 17544 19769
5, 9, 11179 12500 13148 13716 14981
5, 9, 1128 2201 6070 8151 11385
5, 9, 11295 12300 12369 16778 18176
5, 9, 11578 11774 12063 12271 12572 13513 14290 17465 17693 17731
5, 9, 1162 7613 13796 15888 16344
5, 9, 1175 2613 4505 6834 15761
5, 9, 1187 3525 5281 8667 15606
5, 9, 11898 12992 13948 17804 18719
5, 9, 1346 5438 5891 8994 13718
5, 9, 1346 5438 8994 13718 19892
5, 9, 1400 7249 14638 16699 18844
5, 9, 1400 7249 9028 10156 12085 14638 18844
5, 9, 1400 7249 9028 12085 14638 16219
5, 9, 1400 7249 9707 10156 14445 16699 18844
5, 9, 1400 9028 12085 14638 16219 18844
5, 9, 1414 2537 8997 12483 15880 18732 18898 19570
5, 9, 142 824 1204 2778 9945 10922 18966
5, 9, 142 824 2778 5627 10922 18966
5, 9, 1498 12541 14549 17434 19471 19562
5, 9, 1507 7961 8495 9013 10744 13145
5, 9, 1570 2218 2713 3863 6996 13301 19513
5, 9, 1570 2218 3863 6996 13301 15314 17537 19513
5, 9, 1570 2218 6996 13301 15314 17537 17607 19513
5, 9, 1604 3658 10153 17434 17624
5, 9, 1636 11007 11352 12943 13569 18813
5, 9, 1640 2245 3211 4394 7351 10458 17230
5, 9, 1640 2245 3211 4394 7351 9698 17230
5, 9, 1640 2245 4394 7351 9698 15194 17230
5, 9, 1640 2245 7351 9698 10458 17230
5, 9, 1640 3211 7351 10458 13014 17230
5, 9, 1646 5936 6364 7062 11050 12245 13269
5, 9, 1646 5936 6364 7062 11050 12245 13504
5, 9, 1646 6364 7062 11050 12245 13269 13504
5, 9, 167 881 3462 4608 9173
5, 9, 1691 2862 5801 6031 9891 18817
5, 9, 1702 3499 15184 16409 18766
5, 9, 1765 10697 11451 14865 14966 15411 16000 18662
5, 9, 1765 7227 10697 14865 14966 16000
5, 9, 1827 15529 15642 16060 16066
5, 9, 1846 5198 6332 7208 17275
5, 9, 1851 4105 10883 11131 18354 19624
5, 9, 1851 4105 10883 17744 18354
5, 9, 189 4116 9787 14294 18001
5, 9, 1890 4315 6414 12845 13016
5, 9, 1906 4441 6904 7009 7415 9873 11068 12283 18496
5, 9, 1906 4441 6904 7009 9873 11068 12283 16340 18496
5, 9, 2003 2095 3078 5733 10475 13044 14124 14264 16325 16790 19895
5, 9, 2003 3020 3078 3215 5434 5733 10475 13044 14124 14188 14264 16325 16790 19895
5, 9, 2003 3215 5434 10475 14188 16325 16790 16849
5, 9, 2031 7526 12470 13302 13873 18041
5, 9, 2037 3567 4308 6774 9830 15573
5, 9, 2037 4308 6774 12965 15573
5, 9, 2069 7288 10553 13112 13493
5, 9, 2109 6736 10499 14335 17191
5, 9, 2115 3899 7717 16179 16310
5, 9, 2122 2224 6153 11492 13909
5, 9, 2127 2579 3158 12868 13537 14404
5, 9, 2127 2579 3158 4574 5032 6691 7530 12197
5, 9, 2127 2579 3158 5032 6691 12197 12868 13537
5, 9, 2127 2579 3512 12868 13537 14404
5, 9, 2127 2579 8014 12197 12868
5, 9, 2127 3158 12197 13537 16724
5, 9, 2127 3158 12868 13537 14404 16724
5, 9, 2127 3158 13537 16724 19421
5, 9, 2127 3158 4574 5032 5437 6691 7530 12197
5, 9, 2127 3158 4574 5032 6691 7530 12197 19421
5, 9, 2127 3158 5032 6691 12197 13537 19421
5, 9, 2127 3512 6337 12868 13537 14404 16724
5, 9, 2134 4583 5596 8946 10103
5, 9, 2139 16778 17067 18176 19085
5, 9, 2139 4916 16778 18176 19085
5, 9, 2139 4916 5572 7355 19085
5, 9, 2139 4916 5572 7355 7741
5, 9, 2218 6996 10130 15314 17537 17607 19513
5, 9, 2218 9390 10130 12759 14286 15314 16367 17537 17607 18602 19513
5, 9, 223 3015 3796 10599 13420
5, 9, 2294 3688 7847 8184 8658 12916
5, 9, 2294 3688 7847 8184 8658 13077
5, 9, 2294 3688 7847 8184 8658 19739
5, 9, 2294 3688 7847 8658 12916 15638 19739
5, 9, 2294 3688 8184 8658 15638 19739
5, 9, 2307 4172 4313 6874 10409
5, 9, 2315 3054 4404 4676 5418 12378 17337
5, 9, 2360 7901 9829 10822 17039
5, 9, 2404 2868 6172 13170 14522
5, 9, 2470 6082 7507 8590 10255 11191
5, 9, 2514 2634 8895 9054 14220
5, 9, 2514 6766 7929 8895 9054 13814 17166
5, 9, 2546 4470 14489 15316 16514
5, 9, 2579 3512 6337 12427 12868 13537 14404
5, 9, 268 3620 5750 6703 8134 11720 16463 18265
5, 9, 268 3620 5750 6703 8134 16463 16765 18265
5, 9, 268 3620 5750 6703 8219 16463 16765 18265
5, 9, 2723 11726 13973 14869 15762
5, 9, 2723 8530 13973 14869 17849
5, 9, 2740 4325 10793 18012 18518
5, 9, 2740 4325 8529 18012 18518
5, 9, 2783 3215 5434 7783 8741 9805 15033 16240 16641 16714 16849 19387
5, 9, 2783 3215 5434 8741 9805 10475 14188 15033 16240 16641 16849 19387
5, 9, 2783 3215 5434 8741 9805 14188 16240 16641 16714 19387
5, 9, 2783 7783 8741 9081 9805 13759 15033 16240 16641 16849 19387
5, 9, 2783 7783 8741 9805 13759 15033 16240 16641 16714 16849 19387
5, 9, 2783 7783 8741 9805 15033 16044 16240 16641 16714 19387
5, 9, 2783 8741 9081 9805 13759 14650 15033 16240 16641 16849 19387
5, 9, 2783 9081 13759 14650 15033 16240 19360 19387 19880
5, 9, 2783 9081 9805 13759 14650 15033 16240 16849 19387 19880
5, 9, 2798 2861 3422 7227 12137
5, 9, 2843 4977 5709 15702 15974
5, 9, 2862 5801 9891 15917 18817
5, 9, 2908 5463 8395 11253 15262
5, 9, 2940 5621 6353 7021 18718
5, 9, 2948 5240 6554 15769 17094
5, 9, 297 1765 10697 11451 12178 14966
5, 9, 297 1765 11451 14865 14966 15411 16000 18662
5, 9, 297 1765 2122 10697 11451 14865 14966 15411 16000
5, 9, 297 1765 2122 2224 11451 12178 13909
5, 9, 297 1765 2122 2224 11451 12178 14966
5, 9, 297 1765 2122 2224 11451 13909 14865 14966 15411
5, 9, 297 1765 2122 2224 11451 14865 14966 15411 16000
5, 9, 297 2122 2224 11451 13909 14865 15411 18662
5, 9, 297 2122 2224 11451 14865 14966 15411 16000 18662
5, 9, 297 2122 2224 11492 12178 13909
5, 9, 3015 3796 5453 10599 13420
5, 9, 3015 3796 5453 7240 13420
5, 9, 3054 3962 4404 4676 12378 17337
5, 9, 3094 5045 7773 10680 15290
5, 9, 3191 3962 4404 4676 9435 12378
5, 9, 3215 5434 7783 8741 9805 10475 14188 16240 16641 16714 19387
5, 9, 3215 5434 8741 10475 14188 16641 16790
5, 9, 3215 5434 8741 9805 10475 14188 16325 16790 16849
5, 9, 3215 7783 9805 16044 16240 16641 16714
5, 9, 3223 4684 6525 12512 12835 14044
5, 9, 3275 7220 15401 15770 18612
5, 9, 3275 7220 8284 15401 18612
5, 9, 3288 4424 6155 11662 18912
5, 9, 329 1099 3640 4202 7338 8105 11797 11838 13110 14168 17544 19769
5, 9, 329 1099 3640 4202 7338 8105 9416 11838 13110 14168 17544 19769
5, 9, 329 1099 3640 4202 7338 9416 11764 11838 14168 17544 19769
5, 9, 329 1099 3640 4202 7338 9416 11797 11838 13110 14168 17544 19769
5, 9, 329 1099 3640 4202 9416 11764 11838 14168 17544 19277 19397 19769
5, 9, 329 1099 3640 4202 9416 11797 11838 13110 14168 17544 19277 19397 19769
5, 9, 329 1604 3640 3658 10153 11764
5, 9, 329 1604 3640 3658 4202 7338 8105 11764 17544
5, 9, 329 1604 3640 3658 4202 9416 11764 17544
5, 9, 329 1604 3640 4202 7338 8105 9416 11764 11838 14168 17544
5, 9, 337 1824 3518 3781 4701 14679 15329
5, 9, 342 1488 3366 3473 5548 18648
5, 9, 3495 4627 8885 11039 16655
5, 9, 3512 6337 7783 12427 12868 13537 14404 16044 16714 16724
5, 9, 3512 6337 7783 12427 13759 16044 16240 16641 16714
5, 9, 3512 6337 7783 12427 14404 16044 16240 16641 16714
5, 9, 3512 6337 7783 9805 12427 16044 16240 16641 16714
5, 9, 3513 3720 10591 17908 18311
5, 9, 3521 4132 5997 8214 9468
5, 9, 3620 4758 7639 8219 16765
5, 9, 3620 5750 6703 8134 8219 16463 16765 18063 18265
5, 9, 3620 5750 6703 8134 8609 11720 16463 18265
5, 9, 3620 5750 6703 8134 8609 16463 16765 18063 18265
5, 9, 3620 5750 8134 8219 8609 16463 16765 18063 18265
5, 9, 3620 7639 8219 16463 16765 18063
5, 9, 3622 10518 11696 14401 19020
5, 9, 3638 6257 9497 12342 14227
5, 9, 3658 10153 14549 17434 17624 19562
5, 9, 387 2783 3215 8741 9805 15033 16641 16849 19387
5, 9, 387 2783 8741 9081 9805 13759 14650 15033 16849 19387
5, 9, 387 2783 8741 9081 9805 14650 15033 16240 16641 16849 19387
5, 9, 387 2783 9081 9805 13759 14650 15033 16849 19387 19880
5, 9, 387 4159 4751 9081 11730 14650
5, 9, 387 4159 9081 11730 14650 19880
5, 9, 387 8741 9805 16325 16849
5, 9, 3904 6624 8298 10275 18675
5, 9, 3926 5355 5671 6711 14599 17327 18049
5, 9, 3926 5355 5876 14599 17327 18049
5, 9, 3932 7455 7854 15853 16104
5, 9, 3932 7455 7854 15853 19970
5, 9, 4034 4923 5694 10120 14403 18168
5, 9, 4159 4751 9081 11730 14650 19880
5, 9, 4159 9081 11730 13759 14650 19880
5, 9, 4202 5572 7338 7355 7741 8105 11838 14168
5, 9, 4202 7338 7355 7741 8105 11838 14168 17544
5, 9, 4268 4563 9897 11112 13891 19309
5, 9, 4325 8529 10793 18012 18518
5, 9, 4395 8677 10148 11420 13071 13705 18213
5, 9, 4418 11401 15165 16249 18527
5, 9, 4485 7403 10280 16520 18869
5, 9, 4538 5791 7039 7477 14978 16401 17373 18484
5, 9, 4538 7039 7417 7477 14978
5, 9, 4574 5437 7530 14656 15872
5, 9, 4598 6257 9497 12342 14227
5, 9, 4828 9416 11764 19277 19397
5, 9, 4897 5019 5844 9637 11179 11845 12500 13716 15034
5, 9, 4897 5844 11179 12500 13716 14981 15034
5, 9, 5090 5591 12780 18840 19887
5, 9, 5090 5591 16059 18840 19887
5, 9, 5137 13626 13742 16169 18464
5, 9, 5137 9235 13626 16169 18464
5, 9, 530 6147 10702 11497 17886
5, 9, 538 7362 10639 11462 12178
5, 9, 5394 6340 7754 8016 18927
5, 9, 5437 5974 13544 14656 15872
5, 9, 557 5892 10546 12540 15141
5, 9, 557 5892 9293 12540 15141
5, 9, 5585 5679 15085 16780 19456
5, 9, 5595 13294 13884 14886 16507
5, 9, 5598 5950 6019 7981 9534
5, 9, 5614 11578 11774 12063 12271 14290 17465 17693 17731
5, 9, 5649 8877 13088 13790 17856
5, 9, 5674 7619 12264 12270 12869
5, 9, 5750 8134 8609 11720 13551 18265
5, 9, 578 3081 6681 9624 15758
5, 9, 5791 7039 7477 15796 16401 17373 18484
5, 9, 6105 6794 8042 12517 15804
5, 9, 6152 9113 9274 17783 18836
5, 9, 6180 12572 13513 16743 17563
5, 9, 6180 13513 14361 16743 17563
5, 9, 621 1906 4441 6766 6904 7009 9873 13814 16340 18496
5, 9, 621 1906 4441 6766 6904 7929 9873 13814 16340 18496
5, 9, 621 1906 4441 6904 7009 7415 9873 12283 18496
5, 9, 621 1906 4441 6904 7009 9873 12283 13814 16340 18496
5, 9, 621 1906 4441 6904 7415 9873 13814 16340 18496
5, 9, 621 2514 6766 6904 7929 9873 13814 16340 17166 18496
5, 9, 621 2514 6766 7929 9054 9873 13814 16340 17166 18496
5, 9, 621 4441 6766 6904 7929 9873 13814 16340 17166 18496
5, 9, 6256 6851 16302 17446 18259
5, 9, 6259 14011 16782 17444 18552
5, 9, 6337 7783 8741 9805 12427 16044 16240 16641 16714
5, 9, 651 2134 5596 8946 10103 15504
5, 9, 651 2134 7716 8946 10103 12641 15504 15834
5, 9, 651 2134 7716 8946 12641 15504 15834 16497
5, 9, 651 7716 10557 12136 12641 15834 16497
5, 9, 6525 9044 12512 12835 14044 17973
5, 9, 6662 9031 10431 12718 19434
5, 9, 6671 9475 10550 13654 15798
5, 9, 6912 7903 8090 10967 13296
5, 9, 7185 9658 10752 11154 14569 15306
5, 9, 7220 8284 15401 15770 18612
5, 9, 7249 9707 10156 14445 16616 16699 18844
5, 9, 7446 10461 14980 16256 17419 19081
5, 9, 7446 8917 10461 14980 16256 17419
5, 9, 7446 8917 10461 16256 17419 19081
5, 9, 7481 8704 14723 14747 17829
5, 9, 7526 12470 13873 18041 18235
5, 9, 757 2003 2095 3020 3078 5733 13044 14124 14264 16325 16790 19895
5, 9, 7716 10557 12136 12641 15215 16497
5, 9, 7765 10256 10602 12606 15999
5, 9, 7765 9207 10602 12606 15999
5, 9, 7783 8741 9805 12427 16044 16240 16641 16714 19387
5, 9, 7783 9081 13759 16240 19360
5, 9, 7783 9805 13759 16044 16240 16641 16714 19387
5, 9, 782 3989 9006 9311 14753
5, 9, 7897 10424 13525 14316 18660
5, 9, 7901 10319 12211 14529 16605
5, 9, 7901 9829 10319 10822 12211 14529
5, 9, 7903 8090 10967 11380 13296
5, 9, 8156 8896 13782 15282 18199
5, 9, 825 10153 10521 11800 16791 17624 18995
5, 9, 825 10521 11800 14772 16791 17129 17726 18995
5, 9, 825 1604 3658 10153 10521 17624 18995
5, 9, 825 3658 10153 10521 16791 17624 18995
5, 9, 825 4202 7338 7355 7741 8105 11838
5, 9, 825 7741 10521 11800 14772 16791 17129 18995
5, 9, 8284 11634 13230 14161 19856 19920
5, 9, 8284 13230 14161 15401 19856 19920
5, 9, 837 2694 11361 12557 17472
5, 9, 838 1619 7124 14590 19287
5, 9, 8386 8631 9797 13579 14934 19548
5, 9, 8484 8538 14952 17024 17961
5, 9, 8530 17849 18670 18881 19619
5, 9, 8583 9052 9404 11011 11013
5, 9, 8677 10148 11420 13071 13705 13760 18213
5, 9, 8677 9226 10148 13071 13760 18213
5, 9, 8752 9614 12541 14549 16075 19471 19562
5, 9, 892 4690 8060 19457 19543
5, 9, 8941 13361 14255 14286 16367 18140 18602
5, 9, 8941 9191 9390 10130 12759 14255 14286 16367 17537 17607 18602
5, 9, 8941 9191 9390 10130 12759 14255 14286 16367 17537 18140 18602
5, 9, 8941 9390 10130 12759 14255 14286 16367 17537 17607 18602 19513
5, 9, 8941 9390 10130 12759 14255 14286 16367 17537 18140 18602 19513
5, 9, 9032 10378 10569 13937 18843
5, 9, 9062 11315 13226 16555 19093
5, 9, 9081 11730 13759 14650 15033 19880
5, 9, 9081 11730 13759 14650 19360 19880
5, 9, 95 500 5532 9743 14634
5, 9, 9614 10153 14549 17624 19562
5, 9, 9614 12541 14549 17434 19471 19562
5, 9, 9614 14549 17434 17624 19562
5, 9, 962 6596 7168 7764 8291
5, 9, 9658 10752 11154 12906 14569 15306
5, 9, 9658 10752 11154 14569 15921 17785
5, 9, 97 1640 3211 4394 7351
5, 9, 97 903 5273 7466 8972
5, 9, 974 4115 4335 5652 17916 18637
5, 9, 974 4115 4335 5652 7038 12287 18637
5, 9, 974 4115 4335 5652 7038 17834 18637
5, 9, 974 4335 5652 7038 8514 17834 18637
5, 9, 974 979 4335 7038 12287 18637
5, 9, 974 979 4335 7038 8514 18637
5, 9, 9826 10518 11696 14401 15202 19020
6, 10, 1013 1098 5432 12675 17591 19516
6, 10, 10153 10521 10902 16791 17624 18995
6, 10, 10378 10569 13937 16831 18843
6, 10, 10521 10902 14130 17726 18995
6, 10, 10521 10902 16791 17726 18995
6, 10, 10557 11643 12136 15215 16497
6, 10, 1059 3272 14434 15363 17046
6, 10, 10902 11509 13746 14130 15502
6, 10, 10902 11509 13746 14130 17726
6, 10, 1098 5432 7746 11940 12675 17591
6, 10, 1099 4202 7338 7355 11797 11838 13110 14168 19769
6, 10, 1099 4202 7338 7355 8105 11838 13110 14168 19769
6, 10, 1099 4202 7338 7355 8105 11838 14168 17544 19769
6, 10, 11179 12500 13148 13716 14981
6, 10, 1128 2201 6070 8151 11385
6, 10, 11295 12300 12369 16778 18176
6, 10, 11578 11774 12063 12271 12572 13513 14290 17465 17693 17731
6, 10, 1162 7613 13796 15888 16344
6, 10, 1175 2613 4505 6834 15761
6, 10, 1187 3525 5281 8667 15606
6, 10, 11898 12992 13948 17804 18719
6, 10, 1346 5438 5891 8994 13718
6, 10, 1346 5438 8994 13718 19892
6, 10, 1400 7249 14638 16699 18844
6, 10, 1400 7249 9028 10156 12085 14638 18844
6, 10, 1400 7249 9028 12085 14638 16219
6, 10, 1400 7249 9707 10156 14445 16699 18844
6, 10, 1400 9028 12085 14638 16219 18844
6, 10, 1414 2537 8997 12483 15880 18732 18898 19570
6, 10, 142 824 1204 2778 9945 10922 18966
6, 10, 142 824 2778 5627 10922 18966
6, 10, 1498 12541 14549 17434 19471 19562
6, 10, 1507 7961 8495 9013 10744 13145
6, 10, 1570 2218 2713 3863 6996 13301 19513
6, 10, 1570 2218 3863 6996 13301 15314 17537 19513
6, 10, 1570 2218 6996 13301 15314 17537 17607 19513
6, 10, 1604 3658 10153 10521 16791 17624 18995
6, 10, 1604 3658 10153 17434 17624
6, 10, 1636 11007 11352 12943 13569 18813
6, 10, 1640 2245 3211 4394 7351 9698 15194 17230
6, 10, 1640 2245 3211 7351 10458 17230
6, 10, 1640 2245 9698 10458 17230
6, 10, 1640 3211 7351 10458 13014 17230
6, 10, 1646 5936 6364 7062 11050 12245 13269 13504
6, 10, 167 881 3462 4608 9173
6, 10, 1691 2862 5801 6031 9891 18817
6, 10, 1702 3499 15184 16409 18766
6, 10, 1765 10697 11451 14865 14966 15411 16000 18662
6, 10, 1765 7227 10697 14865 14966
6, 10, 1827 15529 15642 16060 16066
6, 10, 1846 5198 6332 7208 17275
6, 10, 1851 4105 10883 11131 18354 19624
6, 10, 1851 4105 10883 17744 18354
6, 10, 189 4116 9787 14294 18001
6, 10, 1890 4315 6414 12845 13016
6, 10, 1906 4441 6904 7009 7415 9873 11068 12283 18496
6, 10, 1906 4441 6904 7009 9873 11068 12283 16340 18496
6, 10, 2003 2095 3078 5733 10475 13044 14124 14264 16325 16790 19895
6, 10, 2003 3020 3078 3215 5434 5733 10475 13044 14124 14188 14264 16325 16790 19895
6, 10, 2003 3215 5434 8741 10475 14188 16325 16790 16849
6, 10, 2031 7526 12470 13302 13873 18041
6, 10, 2037 3567 4308 6774 9830 15573
6, 10, 2037 4308 6774 12965 15573
6, 10, 2069 7288 10553 13112 13493
6, 10, 2109 6736 10499 14335 17191
6, 10, 2115 3899 7717 16179 16310
6, 10, 2127 2579 3158 12868 13537 14404 16724
6, 10, 2127 2579 3158 4574 5032 6691 7530 12197
6, 10, 2127 2579 3158 5032 12197 12868 13537
6, 10, 2127 2579 3158 5032 6691 12197 12868
6, 10, 2127 2579 3158 5032 6691 12197 13537
6, 10, 2127 2579 3512 12868 13537 14404 16724
6, 10, 2127 2579 8014 12197 12868
6, 10, 2127 3158 13537 16724 19421
6, 10, 2127 3158 4574 5032 5437 6691 7530 12197
6, 10, 2127 3158 4574 5032 6691 7530 12197 19421
6, 10, 2127 3158 5032 6691 12197 13537 19421
6, 10, 2127 3512 6337 12868 13537 14404 16724
6, 10, 2139 4916 16778 17067 18176 19085
6, 10, 2139 4916 5572 7355 19085
6, 10, 2139 4916 5572 7355 7741
6, 10, 2218 6996 10130 15314 17537 17607 19513
6, 10, 2218 9390 10130 12759 14286 15314 16367 17537 17607 18602 19513
6, 10, 223 3015 3796 5453 10599 13420
6, 10, 2272 6498 9707 16699 17622
6, 10, 2294 3688 7847 8184 8658 12916
6, 10, 2294 3688 7847 8184 8658 15638 19739
6, 10, 2294 3688 7847 8658 12916 15638 19739
6, 10, 2294 3688 8184 8658 13077
6, 10, 2307 4172 4313 6874 10409
6, 10, 2315 3054 4404 4676 5418 12378 17337
6, 10, 2360 7901 9829 10822 17039
6, 10, 2404 2868 6172 13170 14522
6, 10, 2470 6082 7507 8590 10255 11191
6, 10, 2514 2634 8895 9054 14220
6, 10, 2514 7929 8895 9054 13814 17166
6, 10, 2514 8895 9054 14220 17166
6, 10, 2546 4470 14489 15316 16514
6, 10, 2579 3512 6337 12427 12868 13537 14404
6, 10, 2579 3512 6337 12868 13537 14404 16724
6, 10, 268 3620 5750 6703 8134 11720 16463 18265
6, 10, 268 3620 5750 6703 8134 16463 16765 18265
6, 10, 268 3620 5750 6703 8219 16463 16765 18265
6, 10, 2723 11726 13973 14869 15762
6, 10, 2723 8530 13973 14869 17849
6, 10, 2740 4325 10793 18012 18518
6, 10, 2740 4325 8529 18012 18518
6, 10, 2783 3215 5434 7783 8741 9805 15033 16240 16641 16714 16849 19387
6, 10, 2783 3215 5434 8741 9805 10475 14188 15033 16240 16641 16849 19387
6, 10, 2783 7783 8741 9805 13759 15033 16240 16641 16714 16849 19387
6, 10, 2783 7783 8741 9805 15033 16044 16240 16641 16714 19387
6, 10, 2783 8741 9081 9805 13759 14650 15033 16240 16641 16849 19387
6, 10, 2783 9081 13759 14650 15033 16641 19360 19387
6, 10, 2783 9081 13759 14650 15033 19360 19387 19880
6, 10, 2783 9081 13759 15033 16240 16641 19360 19387
6, 10, 2783 9081 13759 15033 16240 19360 19387 19880
6, 10, 2783 9081 9805 13759 14650 15033 16240 16849 19387 19880
6, 10, 2798 2861 3422 7227 12137
6, 10, 2843 4977 5709 15702 15974
6, 10, 2862 5801 9891 15917 18817
6, 10, 2908 5463 8395 11253 15262
6, 10, 2948 5240 6554 15769 17094
6, 10, 297 1765 10697 11451 12178 14966
6, 10, 297 1765 2122 10697 11451 14865 14966 15411 16000
6, 10, 297 1765 2122 11451 14865 14966 15411 16000 18662
6, 10, 297 1765 2122 2224 11451 12178 14966
6, 10, 297 1765 2122 2224 11451 13909 15411
6, 10, 297 1765 2122 2224 11451 14865 14966 15411 16000
6, 10, 297 2122 2224 11451 13909 15411 18662
6, 10, 297 2122 2224 11451 14865 14966 15411 16000 18662
6, 10, 297 2122 2224 11492 12178 13909
6, 10, 3015 3796 5453 7240 13420
6, 10, 3054 3962 4404 4676 12378 17337
6, 10, 3054 3962 4404 4676 9435 12378
6, 10, 3094 5045 7773 10680 15290
6, 10, 3191 3962 4404 4676 9435 12378
6, 10, 3215 5434 7783 8741 9805 10475 14188 16240 16641 16714
6, 10, 3215 5434 8741 9805 10475 14188 16325 16790 16849
6, 10, 3215 5434 8741 9805 14188 16240 16641 16714 19387
6, 10, 3223 4684 6525 12512 12835 14044
6, 10, 3223 6525 12512 12835 14044 17973
6, 10, 3275 7220 8284 15401 18612
6, 10, 3288 4424 6155 11662 18912
6, 10, 329 1099 3640 4202 7338 8105 11797 11838 13110 14168 17544 19769
6, 10, 329 1099 3640 4202 7338 8105 9416 11838 13110 14168 17544 19769
6, 10, 329 1099 3640 4202 7338 9416 11764 11838 14168 17544 19397 19769
6, 10, 329 1099 3640 4202 7338 9416 11797 11838 13110 14168 17544 19397 19769
6, 10, 329 1099 3640 4202 9416 11764 11797 11838 13110 14168 17544 19277 19397 19769
6, 10, 329 1604 3640 3658 10153 11764
6, 10, 329 1604 3640 3658 4202 7338 8105 11764 17544
6, 10, 329 1604 3640 3658 4202 9416 11764 17544
6, 10, 329 1604 3640 4202 7338 8105 9416 11764 11838 14168 17544
6, 10, 337 1824 3518 3781 4701 14679 15329
6, 10, 342 1488 3366 3473 5548 18648
6, 10, 3495 4627 8885 11039 16655
6, 10, 3512 6337 7783 12427 12868 13537 14404 16044 16714 16724
6, 10, 3512 6337 7783 12427 14404 16044 16240 16641 16714
6, 10, 3512 6337 7783 12427 14404 16044 16240 16714 16724
6, 10, 3512 6337 7783 9805 12427 16044 16240 16641 16714
6, 10, 3513 3720 10591 17908 18311
6, 10, 3521 4132 5997 8214 9468
6, 10, 3620 4758 7639 8219 16765 18063
6, 10, 3620 5750 6703 8134 8219 16463 16765 18063 18265
6, 10, 3620 5750 6703 8134 8609 11720 16463 18265
6, 10, 3620 5750 6703 8134 8609 16463 16765 18063 18265
6, 10, 3620 5750 8134 8219 8609 16463 16765 18063 18265
6, 10, 3620 7639 8219 16463 16765 18063
6, 10, 3622 10518 11696 14401 19020
6, 10, 3638 6257 9497 12342 14227
6, 10, 3658 10153 14549 17434 17624 19562
6, 10, 3796 5453 7240 10599 13420
6, 10, 387 2783 8741 9081 9805 13759 14650 15033 16849 19387
6, 10, 387 2783 8741 9081 9805 14650 15033 16240 16641 16849 19387
6, 10, 387 2783 9081 9805 13759 14650 15033 16849 19387 19880
6, 10, 387 4159 4751 9081 11730 14650
6, 10, 387 8741 9805 16325 16849
6, 10, 387 9081 11730 14650 19880
6, 10, 3904 6624 8298 10275 18675
6, 10, 3904 6624 8298 11175 18675
6, 10, 3926 5355 5671 14599 17327 18049
6, 10, 3926 5355 5876 14599 17327 18049
6, 10, 3932 7455 7854 15853 16104
6, 10, 3932 7455 7854 15853 19970
6, 10, 4034 4923 5694 10120 14403 18168
6, 10, 4159 4751 9081 11730 14650 19880
6, 10, 4159 9081 11730 13759 14650 19880
6, 10, 4202 7338 7355 7741 8105 11838 14168
6, 10, 4202 7338 7741 8105 11838 14168 17544
6, 10, 4268 4563 9897 11112 13891 19309
6, 10, 4395 8677 10148 11420 13071 13705 18213
6, 10, 4418 11401 15165 16249 18527
6, 10, 4485 7403 10280 16520 18869
6, 10, 4538 5791 7039 7477 14978 15796 16401
6, 10, 4538 5791 7039 7477 14978 16401 17373
6, 10, 4538 7039 7417 7477 14978
6, 10, 4574 5437 7530 14656 15872
6, 10, 4598 6257 9497 12342 14227
6, 10, 4828 9416 11764 19277 19397
6, 10, 4897 5019 5844 9637 11179 11845 12500 13716 15034
6, 10, 4897 5844 11179 12500 13716 14981 15034
6, 10, 5090 5591 12780 18840 19887
6, 10, 5090 5591 16059 18840 19887
6, 10, 5137 13626 13742 16169 18464
6, 10, 5137 9235 13626 16169 18464
6, 10, 530 6147 10702 11497 17886
6, 10, 538 7362 10639 11462 12178
6, 10, 5394 6340 7754 8016 18927
6, 10, 5437 5974 13544 14656 15872
6, 10, 557 5892 10546 12540 15141
6, 10, 5572 7338 7355 7741 8105
6, 10, 5572 7338 7355 8105 11838 14168
6, 10, 5585 5679 15085 16780 19456
6, 10, 5598 5950 6019 7981 9534
6, 10, 5614 11578 11774 12063 12271 14290 17465 17693 17731
6, 10, 5649 8877 13088 13790 17856
6, 10, 5671 6711 14599 17327 18049
6, 10, 5674 7619 12264 12270 12869
6, 10, 5750 8134 8609 11720 13551 18265
6, 10, 578 3081 6681 9624 15758
6, 10, 5791 7039 7477 14978 15796 16401 18484
6, 10, 5791 7039 7477 14978 16401 17373 18484
6, 10, 5791 7039 7477 15796 16401 17373 18484
6, 10, 6152 9113 9274 17783 18836
6, 10, 6180 12572 13513 16743 17563
6, 10, 6180 13513 14361 16743 17563
6, 10, 621 1906 4441 6766 6904 7009 9873 13814 16340 18496
6, 10, 621 1906 4441 6766 6904 7929 9873 13814 16340 18496
6, 10, 621 1906 4441 6904 7009 7415 9873 12283 18496
6, 10, 621 1906 4441 6904 7009 7415 9873 16340 18496
6, 10, 621 1906 4441 6904 7009 9873 12283 16340 18496
6, 10, 621 1906 4441 6904 7415 9873 13814 16340 18496
6, 10, 621 2514 6766 6904 7929 9054 9873 13814 16340 17166 18496
6, 10, 621 4441 6766 6904 7929 9873 13814 16340 17166 18496
6, 10, 6256 6851 16302 17446 18259
6, 10, 6259 14011 16782 17444 18552
6, 10, 651 2134 5596 8946 10103 15504
6, 10, 651 2134 7716 8946 10103 12641 15504 15834
6, 10, 651 2134 7716 8946 12641 15504 15834 16497
6, 10, 651 7716 10557 12136 12641 15834 16497
6, 10, 6525 9044 12512 12835 14044 17973
6, 10, 6662 9031 10431 12718 19434
6, 10, 6671 9475 10550 13654 15798
6, 10, 6912 7903 8090 10967 13296
6, 10, 7185 9658 10752 11154 14569 15306
6, 10, 7220 8284 15401 15770 18612
6, 10, 7249 9707 10156 14445 16616 16699
6, 10, 7249 9707 10156 14445 16616 18844
6, 10, 7446 10461 14980 16256 17419 19081
6, 10, 7446 8917 10461 14980 16256 17419
6, 10, 7446 8917 10461 16256 17419 19081
6, 10, 7481 8704 14723 14747 17829
6, 10, 7526 12470 13873 18041 18235
6, 10, 757 2003 2095 3020 3078 5733 13044 14124 14264 16325 16790 19895
6, 10, 7716 10557 12136 12641 15215 16497
6, 10, 7765 10256 10602 12606 15999
6, 10, 7765 9207 10602 12606 15999
6, 10, 7783 12427 13759 16044 16240 16641 16714
6, 10, 7783 13759 16044 16240 16714 19360
6, 10, 7783 13759 16240 16641 16714 19360
6, 10, 7783 8741 9805 12427 16044 16240 16641 16714 19387
6, 10, 782 3989 9006 9311 14753
6, 10, 7897 10424 13525 14316 18660
6, 10, 7901 10319 12211 14529 16605
6, 10, 7901 9829 10319 10822 12211 14529
6, 10, 7903 8090 10967 11380 13296
6, 10, 8156 8896 13782 15282 18199
6, 10, 825 10153 10521 11800 16791 17624 18995
6, 10, 825 10521 11800 14772 16791 17129 17726 18995
6, 10, 825 1604 3658 10153 10521 17624 18995
6, 10, 825 3658 10153 10521 16791 17624 18995
6, 10, 825 4202 7338 7355 7741 8105 11838
6, 10, 825 7741 10521 11800 16791 17129 18995
6, 10, 825 7741 11800 14772 16791 17129 18995
6, 10, 8284 11634 13230 14161 19856 19920
6, 10, 8284 13230 14161 15401 19856 19920
6, 10, 837 2694 11361 12557 17472
6, 10, 838 1619 7124 14590 19287
6, 10, 8386 8631 9797 13579 14934 19548
6, 10, 8484 8538 14952 17024 17961
6, 10, 8530 17849 18670 18881 19619
6, 10, 8583 9052 9404 11011 11013
6, 10, 8677 10148 11420 13071 13705 13760 18213
6, 10, 8677 9226 10148 13071 13760 18213
6, 10, 8752 9614 12541 14549 16075 19471 19562
6, 10, 892 1358 8060 19457 19543
6, 10, 892 4690 8060 19457 19543
6, 10, 8941 13361 14255 14286 16367 18140 18602
6, 10, 8941 9191 9390 10130 12759 14255 14286 16367 17537 18140 18602
6, 10, 8941 9191 9390 10130 12759 14286 16367 17537 17607 18602
6, 10, 8941 9390 10130 12759 14255 14286 16367 17537 17607 18602 19513
6, 10, 8941 9390 10130 12759 14255 14286 16367 17537 18140 18602 19513
6, 10, 9032 10378 10569 13937 18843
6, 10, 9081 11730 13759 14650 19360 19880
6, 10, 95 500 5532 9743 14634
6, 10, 9614 12541 14549 17434 19471 19562
6, 10, 962 6596 7168 7764 8291
6, 10, 9658 10752 11154 12906 14569 15306
6, 10, 9658 10752 11154 12906 15921
6, 10, 9658 10752 11154 14569 15921 17785
6, 10, 97 1640 3211 4394 7351
6, 10, 97 903 5273 7466 8972
6, 10, 974 4115 4335 5652 17916 18637
6, 10, 974 4115 4335 5652 7038 12287 18637
6, 10, 974 4115 4335 5652 7038 17834 18637
6, 10, 974 4115 5652 17916 19807
6, 10, 974 4335 5652 7038 8514 17834 18637
6, 10, 974 979 4335 7038 12287 18637
6, 10, 974 979 4335 7038 8514 18637
6, 10, 9826 10518 11696 14401 15202 19020
