0, 7, 10153 10521 10902 14130 17624 18995
0, 7, 10153 10521 10902 16791 17624 18995
0, 7, 10521 10902 14130 16791 17726 18995
0, 7, 10521 10902 16791 17624 17726 18995
0, 7, 1098 5432 7746 11940 12675 17591
0, 7, 1099 4202 7338 7355 8105 11797 11838 13110 14168 17544
0, 7, 11578 11774 12063 12271 13513 14290 17465 17693 17731
0, 7, 11578 12063 12572 13513 14290 17465 17693
0, 7, 1400 7249 10156 14445 16616 16699
0, 7, 1400 7249 10156 14445 16616 18844
0, 7, 1400 7249 10156 16616 16699 18844
0, 7, 1400 7249 9707 14445 16616 16699
0, 7, 1400 9028 10156 12085 14638 18844
0, 7, 1400 9028 12085 14638 16219 18844
0, 7, 1414 2537 8997 12483 15880 18732 18898
0, 7, 1570 2218 2713 3863 6996 13301
0, 7, 1570 2218 3863 6996 13301 15314 17537
0, 7, 1570 2218 6996 13301 15314 17537 17607
0, 7, 1604 3658 10153 10521 17624 18995
0, 7, 1636 11007 11352 12943 13569 18813
0, 7, 1640 2245 3211 4394 7351 17230
0, 7, 1640 2245 4394 7351 10458 17230
0, 7, 1640 2245 4394 7351 9698 17230
0, 7, 1640 2245 7351 9698 10458 17230
0, 7, 1640 2245 7351 9698 15194 17230
0, 7, 1640 3211 4394 7351 10458 17230
0, 7, 1646 6364 7062 11050 12245 13504
0, 7, 1646 6364 7062 12245 13269 13504
0, 7, 1691 2862 5801 6031 14491 18817
0, 7, 1765 10697 11451 14865 14966 15411 16000
0, 7, 1765 7227 10697 14865 14966 16000
0, 7, 1824 3518 3781 4701 14679 15329
0, 7, 2003 2095 3020 3078 5733 13044 14124 14264 16325 16790
0, 7, 2003 3020 3078 5733 10475 13044 14188 14264 16325 16790
0, 7, 2003 3078 3215 5434 5733 10475 14188 14264 16325 16790
0, 7, 2003 3078 5434 5733 10475 13044 14188 14264 16325 16790
0, 7, 2003 3078 5733 10475 13044 14124 14188 14264 16325 16790
0, 7, 2003 3215 5434 16325 16790 16849
0, 7, 2031 7526 12470 13302 13873 18041
0, 7, 2037 3567 4308 6774 9830 15573
0, 7, 2127 2579 3158 12868 13537 14404
0, 7, 2127 2579 3158 4574 5032 6691 7530 12197
0, 7, 2127 2579 3158 5032 6691 12197 12868 13537
0, 7, 2127 2579 3512 12868 13537 14404
0, 7, 2127 3158 12197 12868 13537 16724
0, 7, 2127 3158 12868 13537 14404 16724
0, 7, 2127 3158 4574 5032 5437 6691 7530 12197
0, 7, 2127 3158 4574 5032 6691 7530 12197 19421
0, 7, 2127 3512 6337 12868 13537 14404 16724
0, 7, 2134 4583 5596 8946 10103 15504
0, 7, 2218 2713 3863 6996 13301 17537
0, 7, 2218 6996 10130 15314 17537 17607
0, 7, 2218 6996 15314 16367 17537 17607
0, 7, 2218 9390 10130 12759 14286 15314 16367 17537 17607 18602
0, 7, 2315 3054 4404 4676 12378 17337
0, 7, 2315 3054 4404 4676 5418 12378
0, 7, 2514 6766 7929 8895 9054 13814 17166
0, 7, 2579 3512 6337 12427 12868 13537 14404
0, 7, 268 3620 5750 6703 11720 16463 18265
0, 7, 268 3620 5750 6703 8219 16463
0, 7, 2783 3215 5434 7783 8741 9805 10475 14188 16240 16641 16714 16849 19387
0, 7, 2783 3215 5434 7783 8741 9805 14188 15033 16240 16641 16714 16849 19387
0, 7, 2783 3215 5434 8741 9805 10475 14188 15033 16240 16641 16849 19387
0, 7, 2783 7783 8741 9081 9805 13759 15033 16240 16641 16714 19387
0, 7, 2783 7783 8741 9081 9805 15033 16240 16641 16714 16849 19387
0, 7, 2783 7783 8741 9805 12427 13759 16044 16240 16641 16714 19387
0, 7, 2783 7783 8741 9805 12427 15033 16044 16240 16641 16714 19387
0, 7, 2783 7783 8741 9805 13759 15033 16044 16240 16641 16714 19387
0, 7, 2783 9081 11730 13759 14650 15033 19387
0, 7, 2783 9081 13759 14650 15033 19360 19387
0, 7, 297 1765 2122 11451 12178 13909
0, 7, 297 1765 2122 11451 12178 14865
0, 7, 297 1765 2122 11451 13909 14865 14966 15411 16000
0, 7, 297 2122 11451 13909 14865 14966 15411 16000 18662
0, 7, 297 2122 2224 11451 12178 13909
0, 7, 297 2122 2224 11451 13909 14865 15411
0, 7, 297 2122 2224 11492 12178 13909
0, 7, 297 2122 2224 6153 11492 13909
0, 7, 3054 3962 4404 4676 12378 17337
0, 7, 3078 5434 5733 10475 14124 14188 14264 16325 16790
0, 7, 3158 4574 5032 5437 6691 7530 12197 19421
0, 7, 3191 3962 4404 4676 9435 12378
0, 7, 3215 5434 10475 14188 16325 16790 16849
0, 7, 3215 5434 5733 10475 14124 14188 14264 16790
0, 7, 3215 5434 7783 8741 12427 16044 16240 16641 16714
0, 7, 3215 5434 7783 8741 9805 16044 16240 16641 16714
0, 7, 3215 6337 7783 8741 12427 16044 16240 16641 16714
0, 7, 3215 7783 8741 9805 12427 16044 16240 16641 16714
0, 7, 3215 7783 8741 9805 16044 16240 16641 16714 19387
0, 7, 3223 4684 6525 12512 12835 14044
0, 7, 3275 7220 8284 15401 15770 18612
0, 7, 329 1099 3640 4202 7338 8105 11797 11838 13110 14168 17544
0, 7, 329 1099 3640 4202 7338 9416 11797 11838 13110 14168 17544
0, 7, 329 1099 3640 4202 9416 11797 11838 13110 14168 17544 19277 19397
0, 7, 329 1604 3640 3658 4202 7338 8105 9416 17544
0, 7, 329 1604 3640 3658 4202 9416 11764 17544
0, 7, 329 1604 3640 4202 7338 8105 9416 11838 14168 17544
0, 7, 329 1604 3640 4202 7338 9416 11764 11838 14168 17544
0, 7, 329 3640 4202 7338 8105 9416 11838 13110 14168 17544
0, 7, 329 3640 4202 9416 11764 14168 17544 19277 19397
0, 7, 329 3640 4828 9416 11764 19277 19397
0, 7, 337 1824 3781 4701 14679 15329
0, 7, 342 1488 3366 3473 5548 18648
0, 7, 3512 6337 12427 12868 13537 14404 16044 16724
0, 7, 3512 6337 7783 12427 13537 14404 16044 16714 16724
0, 7, 3512 6337 7783 12427 13759 16044 16240 16641 16714
0, 7, 3512 6337 7783 12427 14404 16044 16240 16641 16714
0, 7, 3512 6337 7783 8741 9805 12427 16044 16240 16641 16714
0, 7, 3620 5750 6703 8134 8219 8609 16463 16765 18063 18265
0, 7, 3620 5750 6703 8134 8609 11720 16463 18063 18265
0, 7, 3620 5750 7639 8219 16463 16765 18063 18265
0, 7, 387 2783 3215 5434 8741 9805 15033 16240 16641 16849 19387
0, 7, 387 2783 7415 15033 16849 19387
0, 7, 387 2783 8741 9081 9805 13759 14650 15033 16240 16641 19387
0, 7, 387 2783 8741 9081 9805 14650 15033 16240 16641 16849 19387
0, 7, 387 2783 9081 11730 14650 15033 16849 19387
0, 7, 387 4159 4751 9081 11730 14650
0, 7, 387 4159 9081 11730 14650 15033
0, 7, 3926 5355 5671 6711 14599 18049
0, 7, 3926 5355 5876 14599 17327 18049
0, 7, 3926 5355 6711 14599 17327 18049
0, 7, 4034 4923 5694 10120 14403 18168
0, 7, 4202 5572 7338 7355 7741 8105 11838 14168
0, 7, 4202 7338 7355 7741 8105 11838 14168 17544
0, 7, 4268 4563 9897 11112 13891 19309
0, 7, 4395 8677 10148 11420 13071 13705 18213
0, 7, 4538 5791 7039 7477 14978 16401 17373 18484
0, 7, 4897 5019 5844 9637 11179 11845 12500 13716 15034
0, 7, 4897 5844 11179 12500 13716 14981
0, 7, 5614 11578 11774 12063 12271 17465 17693 17731
0, 7, 5750 8134 8609 11720 13551 18265
0, 7, 5750 8134 8609 13551 18063 18265
0, 7, 5791 7039 7477 15796 16401 17373 18484
0, 7, 6180 12572 13513 14361 16743 17563
0, 7, 621 1906 4441 6904 7009 7929 9873 13814 16340 18496
0, 7, 621 1906 4441 6904 7009 9873 11068 12283 18496
0, 7, 621 1906 4441 6904 7009 9873 12283 13814 18496
0, 7, 621 2514 6766 6904 7929 9873 13814 16340 17166 18496
0, 7, 621 2514 6766 7929 9054 13814 16340 17166 18496
0, 7, 621 4441 6766 6904 7009 7929 9873 13814 16340 18496
0, 7, 621 4441 6766 6904 7929 9873 13814 16340 17166 18496
0, 7, 621 4441 6904 7009 9873 12283 13814 16340 18496
0, 7, 621 6766 7929 9054 9873 13814 16340 17166 18496
0, 7, 6337 7783 8741 9805 12427 13759 16044 16240 16641 16714
0, 7, 6337 7783 8741 9805 12427 16044 16240 16641 16714 19387
0, 7, 651 2134 5596 8946 10103 15504
0, 7, 651 2134 7716 8946 10103 15504 15834
0, 7, 651 2134 7716 8946 12641 15504 15834 16497
0, 7, 7185 9658 10752 11154 14569 15306
0, 7, 7446 8917 10461 16256 17419 19081
0, 7, 757 2095 3078 5733 13044 14124 14264 16790
0, 7, 7716 10557 12136 12641 15215 16497
0, 7, 7901 9829 10319 10822 12211 14529
0, 7, 825 10153 10521 11800 16791 17624 18995
0, 7, 825 10521 11800 14772 16791 17129 17726 18995
0, 7, 825 10521 11800 16791 17624 17726 18995
0, 7, 825 7741 10521 11800 14772 16791 17129 18995
0, 7, 8677 10148 11420 13071 13760 18213
0, 7, 8941 13361 14255 16367 18140 18602
0, 7, 8941 9191 9390 10130 12759 14255 14286 16367 17537 17607 18602
0, 7, 8941 9191 9390 10130 12759 14255 14286 16367 17537 18140 18602
0, 7, 8941 9390 10130 12759 14286 15314 16367 17537 17607 18602
0, 7, 9032 10378 10569 13937 16831 18843
0, 7, 9191 9390 10130 12759 14286 15314 17537 17607 18602
0, 7, 9658 10752 11154 12906 14569 15306
0, 7, 9658 10752 11154 14569 15921 17785
0, 7, 97 1640 3211 4394 7351 17230
0, 7, 974 4115 4335 5652 17834 18637
0, 7, 974 4115 4335 5652 17916 18637
0, 7, 974 4115 4335 5652 7038 12287 18637
0, 7, 974 4335 5652 8514 17834 18637
0, 7, 974 4335 7038 8514 17834 18637
0, 7, 9826 10518 11696 14401 15202 19020
1, 8, 10153 10521 10902 16791 17624 18995
1, 8, 10521 10902 16791 17624 17726 18995
1, 8, 1098 5432 7746 11940 12675 17591
1, 8, 1099 4202 7338 7355 8105 11797 11838 13110 14168 17544
1, 8, 11578 11774 12063 12271 13513 14290 17465 17693 17731
1, 8, 11578 12063 12271 12572 13513 14290 17465 17693
1, 8, 1400 7249 10156 12085 14638 18844
1, 8, 1400 7249 10156 14445 16616 18844
1, 8, 1400 7249 10156 14445 16699 18844
1, 8, 1400 7249 12085 14638 16699 18844
1, 8, 1400 9028 10156 12085 14638 18844
1, 8, 1400 9028 12085 14638 16219 18844
1, 8, 1414 2537 8997 12483 15880 18732 18898 19570
1, 8, 1570 2218 2713 3863 6996 13301 19513
1, 8, 1570 2218 3863 6996 13301 15314 17537 19513
1, 8, 1570 2218 6996 13301 15314 17537 17607 19513
1, 8, 1604 3658 10153 10521 17624 18995
1, 8, 1636 11007 11352 12943 13569 18813
1, 8, 1640 2245 3211 4394 7351 17230
1, 8, 1640 2245 4394 7351 10458 17230
1, 8, 1640 2245 4394 7351 9698 17230
1, 8, 1640 2245 7351 9698 10458 17230
1, 8, 1640 2245 7351 9698 15194 17230
1, 8, 1640 3211 4394 7351 10458 17230
1, 8, 1646 5936 6364 7062 11050 12245
1, 8, 1646 6364 7062 11050 12245 13504
1, 8, 1646 6364 7062 12245 13269 13504
1, 8, 1691 2862 5801 6031 14491 18817
1, 8, 1765 10697 11451 14865 14966 15411 16000
1, 8, 1765 7227 10697 14865 14966 16000
1, 8, 1824 3518 3781 4701 14679 15329
1, 8, 1851 4105 10883 17744 18354 19624
1, 8, 1906 4441 6904 7415 9873 11068
1, 8, 2003 2095 3020 3078 5733 13044 14124 14264 16325 16790
1, 8, 2003 3020 3078 5434 5733 10475 13044 14188 14264 16325 16790
1, 8, 2003 3078 3215 5434 5733 10475 14188 14264 16325 16790
1, 8, 2003 3078 5434 5733 10475 14124 14188 14264 16325 16790
1, 8, 2003 3078 5733 10475 13044 14124 14188 14264 16325 16790
1, 8, 2003 3215 5434 14188 16325 16790 16849
1, 8, 2031 7526 12470 13302 13873 18041
1, 8, 2037 3567 4308 6774 9830 15573
1, 8, 2127 2579 3158 12868 13537 14404
1, 8, 2127 2579 3158 4574 5032 6691 7530 12197
1, 8, 2127 2579 3158 5032 6691 12197 12868 13537
1, 8, 2127 2579 3512 12868 13537 14404
1, 8, 2127 3158 12197 12868 13537 16724
1, 8, 2127 3158 12868 13537 14404 16724
1, 8, 2127 3158 4574 5032 5437 6691 7530 12197
1, 8, 2127 3158 4574 5032 6691 7530 12197 19421
1, 8, 2127 3512 6337 12868 13537 14404 16724
1, 8, 2218 6996 10130 15314 17537 17607 19513
1, 8, 2218 9390 10130 12759 14286 15314 16367 17537 17607 18602 19513
1, 8, 2315 3054 4404 4676 12378 17337
1, 8, 2315 3054 4404 4676 5418 12378
1, 8, 2514 6766 7929 8895 9054 13814 17166
1, 8, 2579 3512 6337 12427 12868 13537 14404
1, 8, 268 3620 5750 6703 11720 16463 18265
1, 8, 268 3620 5750 6703 8219 16463 18265
1, 8, 2783 3215 5434 7783 8741 9805 14188 16240 16641 16714 16849 19387
1, 8, 2783 3215 5434 7783 8741 9805 15033 16240 16641 16714 16849 19387
1, 8, 2783 3215 5434 8741 9805 10475 14188 15033 16240 16641 16849 19387
1, 8, 2783 3215 5434 8741 9805 10475 14188 16240 16641 16714 19387
1, 8, 2783 7783 8741 9081 9805 13759 15033 16240 16641 16714 19387
1, 8, 2783 7783 8741 9081 9805 15033 16240 16641 16714 16849 19387
1, 8, 2783 7783 8741 9805 12427 16044 16240 16641 16714 19387
1, 8, 2783 7783 8741 9805 13759 15033 16044 16240 16641 16714 19387
1, 8, 2783 9081 11730 13759 14650 15033
1, 8, 2783 9081 13759 14650 15033 19360 19387
1, 8, 297 1765 2122 11451 13909 14865 14966 15411
1, 8, 297 1765 2122 11451 14865 14966 15411 16000
1, 8, 297 1765 2122 2224 11451 12178 13909
1, 8, 297 1765 2122 2224 11451 13909 14865 15411
1, 8, 297 2122 11451 13909 14865 14966 15411 18662
1, 8, 297 2122 11451 14865 14966 15411 16000 18662
1, 8, 297 2122 2224 11451 13909 14865 14966 15411
1, 8, 297 2122 2224 11451 14865 14966 15411 16000
1, 8, 297 2122 2224 11492 12178 13909
1, 8, 3054 3962 4404 4676 12378 17337
1, 8, 3158 4574 5032 5437 6691 7530 19421
1, 8, 3191 3962 4404 4676 9435 12378
1, 8, 3215 5434 10475 14188 16325 16790 16849
1, 8, 3215 5434 5733 10475 14124 14188 14264 16325 16790
1, 8, 3215 5434 7783 8741 16044 16240 16641 16714
1, 8, 3215 5434 7783 8741 9805 10475 14188 16240 16641 16714 19387
1, 8, 3215 5434 8741 10475 14188 14264
1, 8, 3215 7783 12427 16044 16240 16641 16714
1, 8, 3215 7783 8741 9805 16044 16240 16641 16714
1, 8, 3223 4684 6525 12512 12835 14044
1, 8, 3275 7220 8284 15401 15770 18612
1, 8, 329 1099 3640 4202 7338 8105 11797 11838 13110 14168 17544
1, 8, 329 1099 3640 4202 7338 9416 11797 11838 13110 14168 17544
1, 8, 329 1099 3640 4202 9416 11797 11838 13110 14168 17544 19277 19397
1, 8, 329 1604 3640 3658 4202 7338 11764 17544
1, 8, 329 1604 3640 3658 4202 7338 8105 17544
1, 8, 329 1604 3640 3658 4202 9416 11764 17544
1, 8, 329 1604 3640 4202 7338 8105 9416 11838 14168 17544
1, 8, 329 1604 3640 4202 7338 9416 11764 11838 14168 17544
1, 8, 329 3640 4202 7338 8105 9416 11838 13110 14168 17544
1, 8, 329 3640 4202 9416 11764 11838 14168 17544 19397
1, 8, 329 3640 4202 9416 11764 14168 17544 19277 19397
1, 8, 337 1824 3781 4701 14679 15329
1, 8, 342 1488 3366 3473 5548 18648
1, 8, 3512 6337 12427 12868 13537 14404 16044 16724
1, 8, 3512 6337 7783 12427 13537 14404 16044 16714 16724
1, 8, 3512 6337 7783 12427 13759 16044 16240 16641 16714
1, 8, 3512 6337 7783 12427 14404 16044 16240 16641 16714
1, 8, 3512 6337 7783 8741 9805 12427 16044 16240 16641 16714
1, 8, 3620 5750 6703 8134 8219 8609 16463 16765 18063 18265
1, 8, 3620 5750 6703 8134 8609 11720 16463 18063 18265
1, 8, 3620 7639 8219 16463 16765 18063
1, 8, 387 2783 3215 8741 9805 15033 16240 16641 16849 19387
1, 8, 387 2783 8741 9081 9805 13759 14650 15033 16240 16641 16849 19387
1, 8, 387 4159 4751 9081 11730 14650
1, 8, 3926 5355 5671 6711 14599 17327 18049
1, 8, 3926 5355 5876 14599 17327 18049
1, 8, 4034 4923 5694 10120 14403 18168
1, 8, 4202 5572 7338 7355 7741 8105 11838 14168
1, 8, 4202 7338 7355 7741 8105 11838 14168 17544
1, 8, 4268 4563 9897 11112 13891 19309
1, 8, 4395 8677 10148 11420 13071 13705 18213
1, 8, 4538 5791 7039 7477 14978 16401 17373 18484
1, 8, 4897 5019 5844 9637 11179 11845 12500 13716 15034
1, 8, 4897 5844 11179 12500 13716 14981 15034
1, 8, 5614 11578 11774 12063 12271 14290 17465 17693 17731
1, 8, 5750 8134 8609 11720 13551 18265
1, 8, 5791 7039 7477 15796 16401 17373 18484
1, 8, 621 1906 4441 6766 6904 7009 9873 13814 16340 18496
1, 8, 621 1906 4441 6766 6904 7929 9873 13814 16340 18496
1, 8, 621 1906 4441 6904 7009 9873 11068 12283 18496
1, 8, 621 1906 4441 6904 7009 9873 12283 13814 16340 18496
1, 8, 621 2514 6766 6904 7929 9873 13814 16340 17166 18496
1, 8, 621 2514 6766 7929 9054 9873 13814 16340 17166 18496
1, 8, 621 4441 6766 6904 7929 9873 13814 16340 17166 18496
1, 8, 6337 7783 8741 9805 12427 16044 16240 16641 16714 19387
1, 8, 651 2134 5596 8946 10103 15504
1, 8, 651 2134 7716 8946 10103 12641 15504 15834
1, 8, 651 2134 7716 8946 12641 15504 15834 16497
1, 8, 7185 9658 10752 11154 14569 15306
1, 8, 7249 10156 14445 16616 16699 18844
1, 8, 7446 8917 10461 14980 16256 17419
1, 8, 7446 8917 10461 16256 17419 19081
1, 8, 757 2003 2095 3078 5733 13044 14264 16325 16790
1, 8, 757 2095 3078 5733 13044 14124 14264 16325 16790
1, 8, 7716 10557 12136 12641 15215 16497
1, 8, 7716 10557 12136 12641 15834 16497
1, 8, 7783 9805 12427 13759 16044 16240 16641 16714
1, 8, 7901 9829 10319 10822 12211 14529
1, 8, 825 10153 10521 11800 16791 17624 18995
1, 8, 825 10521 11800 14772 16791 17129 17726 18995
1, 8, 825 10521 11800 16791 17624 17726 18995
1, 8, 825 7741 10521 11800 14772 16791 17129 18995
1, 8, 8677 10148 11420 13071 13760 18213
1, 8, 8752 9614 12541 14549 19471 19562
1, 8, 8752 9614 12541 16075 19471 19562
1, 8, 8941 13361 14255 16367 18140 18602
1, 8, 8941 9191 9390 10130 12759 14255 14286 16367 17537 17607 18602
1, 8, 8941 9191 9390 10130 12759 14255 14286 16367 17537 18140 18602
1, 8, 8941 9390 10130 12759 14255 14286 16367 17537 17607 18602 19513
1, 8, 8941 9390 10130 12759 14286 15314 16367 17537 17607 18602 19513
1, 8, 8941 9390 10130 14255 14286 16367 17537 18140 18602 19513
1, 8, 9614 10153 14549 17434 17624 19562
1, 8, 9614 12541 14549 17434 19471 19562
1, 8, 9658 10752 11154 12906 14569 15306
1, 8, 9658 10752 11154 14569 15921 17785
1, 8, 97 1640 3211 4394 7351 17230
1, 8, 974 4115 4335 5652 17834 18637
1, 8, 974 4115 4335 5652 17916 18637
1, 8, 974 4115 4335 5652 7038 12287 18637
1, 8, 974 4335 5652 7038 8514 17834 18637
1, 8, 9826 10518 11696 14401 15202 19020
2, 9, 10153 10521 10902 16791 17624 18995
2, 9, 10521 10902 16791 17624 17726 18995
2, 9, 10697 11451 14865 14966 15411 16000 18662
2, 9, 1098 5432 7746 11940 12675 17591
2, 9, 1099 4202 7338 7355 8105 11797 11838 13110 14168 19769
2, 9, 1099 4202 7338 7355 8105 11838 13110 14168 17544 19769
2, 9, 11578 11774 12063 12271 13513 14290 17465 17693 17731
2, 9, 11578 12063 12271 12572 13513 14290 17465 17693
2, 9, 1400 7249 10156 12085 14638 18844
2, 9, 1400 7249 10156 14445 16699 18844
2, 9, 1400 7249 9707 10156 14445 16699
2, 9, 1400 9028 10156 12085 14638 18844
2, 9, 1400 9028 12085 14638 16219 18844
2, 9, 1414 2537 8997 12483 15880 18732 18898 19570
2, 9, 1570 2218 2713 3863 6996 13301 19513
2, 9, 1570 2218 3863 6996 13301 15314 17537 19513
2, 9, 1570 2218 6996 13301 15314 17537 17607 19513
2, 9, 1604 3658 10153 10521 17624 18995
2, 9, 1636 11007 11352 12943 13569 18813
2, 9, 1640 2245 3211 4394 7351 10458 17230
2, 9, 1640 2245 4394 7351 9698 17230
2, 9, 1640 2245 7351 9698 10458 17230
2, 9, 1640 2245 7351 9698 15194 17230
2, 9, 1646 5936 6364 7062 11050 12245
2, 9, 1646 6364 7062 11050 12245 13504
2, 9, 1646 6364 7062 12245 13269 13504
2, 9, 1765 7227 10697 14865 14966 16000
2, 9, 1906 4441 6904 7009 7415 11068 12283
2, 9, 1906 4441 6904 7009 7415 9873 11068
2, 9, 1906 4441 6904 7009 9873 11068 12283 18496
2, 9, 2003 2095 3020 3078 5733 13044 14124 14264 16325 16790
2, 9, 2003 3020 3078 3215 5434 5733 10475 13044 14188 14264 16325 16790
2, 9, 2003 3020 3078 5733 10475 13044 14124 14188 14264 16325 16790
2, 9, 2003 3078 3215 5434 5733 10475 14124 14188 14264 16325 16790
2, 9, 2003 3078 5434 5733 10475 13044 14124 14188 14264 16325 16790
2, 9, 2003 3215 5434 14188 16325 16790 16849
2, 9, 2031 7526 12470 13302 13873 18041
2, 9, 2037 3567 4308 6774 9830 15573
2, 9, 2127 2579 3158 12868 13537 14404
2, 9, 2127 2579 3158 4574 5032 6691 7530 12197
2, 9, 2127 2579 3158 5032 6691 12197 12868 13537
2, 9, 2127 2579 3512 12868 13537 14404
2, 9, 2127 3158 12868 13537 14404 16724
2, 9, 2127 3158 4574 5032 5437 6691 7530 12197
2, 9, 2127 3158 4574 5032 6691 7530 12197 19421
2, 9, 2127 3158 5032 12197 13537 19421
2, 9, 2127 3512 6337 12868 13537 14404 16724
2, 9, 2218 6996 10130 15314 17537 17607 19513
2, 9, 2218 9390 10130 12759 14286 15314 16367 17537 17607 18602 19513
2, 9, 2294 3688 7847 8184 8658 12916
2, 9, 2294 3688 7847 8184 8658 13077
2, 9, 2294 3688 7847 8184 8658 19739
2, 9, 2294 3688 7847 8658 12916 19739
2, 9, 2315 3054 4404 4676 12378 17337
2, 9, 2315 3054 4404 4676 5418 12378
2, 9, 2514 6766 7929 8895 9054 13814 17166
2, 9, 2579 3512 6337 12427 12868 13537 14404
2, 9, 268 3620 5750 6703 11720 16463 18265
2, 9, 268 3620 5750 6703 8219 16463 16765
2, 9, 268 3620 5750 6703 8219 16463 18265
2, 9, 2783 3215 5434 7783 8741 9805 15033 16240 16641 16714 16849 19387
2, 9, 2783 3215 5434 8741 9805 10475 14188 15033 16240 16641 16849 19387
2, 9, 2783 3215 5434 8741 9805 14188 16240 16641 16714 19387
2, 9, 2783 7783 8741 9081 9805 13759 15033 16240 16641 16849 19387
2, 9, 2783 7783 8741 9805 13759 15033 16240 16641 16714 16849 19387
2, 9, 2783 7783 8741 9805 15033 16044 16240 16641 16714 19387
2, 9, 2783 8741 9081 9805 13759 14650 15033 16240 16641 16849 19387
2, 9, 2783 9081 13759 14650 15033 19360 19387
2, 9, 297 1765 10697 11451 14865 14966 15411 16000
2, 9, 297 1765 2122 2224 11451 12178 13909
2, 9, 297 1765 2122 2224 11451 13909 14865 14966 15411
2, 9, 297 1765 2122 2224 11451 14865 14966 15411 16000
2, 9, 297 2122 11451 13909 14865 15411 18662
2, 9, 297 2122 11451 14865 14966 15411 16000 18662
2, 9, 297 2122 2224 11451 13909 15411 18662
2, 9, 297 2122 2224 11492 12178 13909
2, 9, 3054 3962 4404 4676 12378 17337
2, 9, 3191 3962 4404 4676 9435 12378
2, 9, 3215 5434 10475 14188 16325 16790 16849
2, 9, 3215 5434 7783 8741 9805 10475 14188 16240 16641 16714 19387
2, 9, 3215 7783 9805 16044 16240 16641 16714
2, 9, 3223 4684 6525 12512 12835 14044
2, 9, 329 1099 3640 4202 7338 8105 11797 11838 13110 14168 17544 19769
2, 9, 329 1099 3640 4202 7338 9416 11797 11838 13110 14168 17544 19769
2, 9, 329 1099 3640 4202 9416 11797 11838 13110 14168 17544 19277 19397 19769
2, 9, 329 1604 3640 3658 4202 7338 11764 17544
2, 9, 329 1604 3640 3658 4202 7338 8105 17544
2, 9, 329 1604 3640 3658 4202 9416 11764 17544
2, 9, 329 1604 3640 4202 7338 8105 9416 11838 14168 17544
2, 9, 329 1604 3640 4202 7338 9416 11764 11838 14168 17544
2, 9, 329 3640 4202 7338 8105 9416 11838 13110 14168 17544 19769
2, 9, 329 3640 4202 9416 11764 11838 14168 17544 19277 19397 19769
2, 9, 337 1824 3518 3781 4701 14679 15329
2, 9, 342 1488 3366 3473 5548 18648
2, 9, 3512 6337 12427 12868 13537 14404 16044 16724
2, 9, 3512 6337 7783 12427 13537 14404 16044 16714 16724
2, 9, 3512 6337 7783 12427 13759 16044 16240 16641 16714
2, 9, 3512 6337 7783 12427 14404 16044 16240 16641 16714
2, 9, 3512 6337 7783 9805 12427 16044 16240 16641 16714
2, 9, 3620 5750 6703 8134 8219 16463 16765 18063 18265
2, 9, 3620 5750 6703 8134 8609 11720 16463 18265
2, 9, 3620 5750 6703 8134 8609 16463 16765 18063 18265
2, 9, 3620 5750 8134 8219 8609 16463 16765 18063 18265
2, 9, 3620 7639 8219 16463 16765 18063
2, 9, 3658 10153 14549 17434 17624 19562
2, 9, 3688 7847 8658 12916 15638 19739
2, 9, 387 2783 3215 8741 9805 15033 16641 16849 19387
2, 9, 387 2783 8741 9081 9805 13759 14650 15033 16849 19387
2, 9, 387 2783 8741 9081 9805 14650 15033 16240 16641 16849 19387
2, 9, 387 4159 4751 9081 11730 14650
2, 9, 3926 5355 5671 6711 14599 17327 18049
2, 9, 3926 5355 5876 14599 17327 18049
2, 9, 4034 4923 5694 10120 14403 18168
2, 9, 4202 5572 7338 7355 7741 8105 11838 14168
2, 9, 4202 7338 7355 7741 8105 11838 14168 17544
2, 9, 4268 4563 9897 11112 13891 19309
2, 9, 4395 8677 10148 11420 13071 13705 18213
2, 9, 4538 5791 7039 7477 14978 16401 17373 18484
2, 9, 4897 5019 5844 9637 11179 11845 12500 13716 15034
2, 9, 4897 5844 11179 12500 13716 14981 15034
2, 9, 5614 11578 11774 12063 12271 14290 17465 17693 17731
2, 9, 5750 8134 8609 11720 13551 18265
2, 9, 5791 7039 7477 15796 16401 17373 18484
2, 9, 621 1906 4441 6766 6904 7009 9873 13814 16340 18496
2, 9, 621 1906 4441 6766 6904 7929 9873 13814 16340 18496
2, 9, 621 1906 4441 6904 7009 9873 12283 13814 16340 18496
2, 9, 621 1906 4441 6904 7415 9873
2, 9, 621 2514 6766 6904 7929 9873 13814 16340 17166 18496
2, 9, 621 2514 6766 7929 9054 9873 13814 16340 17166 18496
2, 9, 621 4441 6766 6904 7929 9873 13814 16340 17166 18496
2, 9, 6337 7783 8741 9805 12427 16044 16240 16641 16714
2, 9, 651 2134 5596 8946 10103 15504
2, 9, 651 2134 7716 8946 10103 12641 15504 15834
2, 9, 651 2134 7716 8946 12641 15504 15834 16497
2, 9, 7185 9658 10752 11154 14569 15306
2, 9, 7249 10156 14445 16616 16699 18844
2, 9, 7249 9707 10156 14445 16616 16699
2, 9, 7446 8917 10461 14980 16256 17419
2, 9, 7446 8917 10461 16256 17419 19081
2, 9, 757 2003 2095 3078 5733 13044 14124 14264 16325 16790
2, 9, 7716 10557 12136 12641 15215 16497
2, 9, 7716 10557 12136 12641 15834 16497
2, 9, 7783 8741 9805 12427 16044 16240 16641 16714 19387
2, 9, 7783 9805 13759 16044 16240 16641 16714 19387
2, 9, 7901 9829 10319 10822 12211 14529
2, 9, 825 10153 10521 11800 16791 17624 18995
2, 9, 825 10521 11800 14772 16791 17129 17726 18995
2, 9, 825 3658 10153 10521 17624 18995
2, 9, 825 7338 7355 7741 8105 11838
2, 9, 825 7741 10521 11800 14772 16791 17129 18995
2, 9, 8677 10148 11420 13071 13760 18213
2, 9, 8752 9614 12541 14549 16075 19471 19562
2, 9, 8941 13361 14255 14286 16367 18140 18602
2, 9, 8941 9191 9390 10130 12759 14255 14286 16367 17537 17607 18602
2, 9, 8941 9191 9390 10130 12759 14255 14286 16367 17537 18140 18602
2, 9, 8941 9390 10130 12759 14255 14286 16367 17537 17607 18602 19513
2, 9, 8941 9390 10130 14255 14286 16367 17537 18140 18602 19513
2, 9, 9614 12541 14549 17434 19471 19562
2, 9, 9658 10752 11154 12906 14569 15306
2, 9, 9658 10752 11154 14569 15921 17785
2, 9, 974 4115 4335 5652 17834 18637
2, 9, 974 4115 4335 5652 17916 18637
2, 9, 974 4115 4335 5652 7038 12287 18637
2, 9, 974 4335 5652 7038 8514 17834 18637
2, 9, 974 979 4335 7038 12287 18637
2, 9, 9826 10518 11696 14401 15202 19020
3, 10, 10153 10521 10902 16791 17624 18995
3, 10, 10697 11451 14865 14966 15411 16000 18662
3, 10, 1098 5432 7746 11940 12675 17591
3, 10, 1099 4202 7338 7355 11797 11838 13110 14168 19769
3, 10, 1099 4202 7338 7355 8105 11838 13110 14168 19769
3, 10, 1099 4202 7338 7355 8105 11838 14168 17544 19769
3, 10, 11578 11774 12063 12271 12572 13513 14290 17465 17693
3, 10, 11578 11774 12063 12271 13513 14290 17465 17693 17731
3, 10, 1400 7249 10156 12085 14638 18844
3, 10, 1400 7249 9707 10156 14445 16699 18844
3, 10, 1400 9028 10156 12085 14638 18844
3, 10, 1400 9028 12085 14638 16219 18844
3, 10, 1414 2537 8997 12483 15880 18732 18898 19570
3, 10, 1570 2218 2713 3863 6996 13301 19513
3, 10, 1570 2218 3863 6996 13301 15314 17537 19513
3, 10, 1570 2218 6996 13301 15314 17537 17607 19513
3, 10, 1604 3658 10153 10521 17624 18995
3, 10, 1636 11007 11352 12943 13569 18813
3, 10, 1640 2245 3211 4394 7351 17230
3, 10, 1640 2245 3211 7351 10458 17230
3, 10, 1640 2245 4394 7351 9698 17230
3, 10, 1640 2245 7351 9698 15194 17230
3, 10, 1646 5936 6364 7062 11050 12245
3, 10, 1646 6364 7062 11050 12245 13504
3, 10, 1646 6364 7062 12245 13269 13504
3, 10, 1691 2862 5801 6031 9891 18817
3, 10, 1906 4441 6904 7009 7415 9873 11068 12283
3, 10, 1906 4441 6904 7009 7415 9873 11068 18496
3, 10, 1906 4441 6904 7009 9873 11068 12283 16340 18496
3, 10, 2003 2095 3078 5733 10475 13044 14124 14264 16325 16790 19895
3, 10, 2003 3020 3078 3215 5434 5733 10475 13044 14188 14264 16325 16790 19895
3, 10, 2003 3020 3078 5434 5733 10475 13044 14124 14188 14264 16325 16790 19895
3, 10, 2003 3078 3215 5434 5733 10475 13044 14124 14188 14264 16325 16790 19895
3, 10, 2003 3215 5434 10475 14188 16325 16790 16849
3, 10, 2031 7526 12470 13302 13873 18041
3, 10, 2037 3567 4308 6774 9830 15573
3, 10, 2127 2579 3158 12868 13537 14404
3, 10, 2127 2579 3158 4574 5032 6691 7530 12197
3, 10, 2127 2579 3158 5032 12197 12868 13537
3, 10, 2127 2579 3158 5032 6691 12197 12868
3, 10, 2127 2579 3158 5032 6691 12197 13537
3, 10, 2127 2579 3512 12868 13537 14404
3, 10, 2127 3158 12868 13537 14404 16724
3, 10, 2127 3158 4574 5032 5437 6691 7530 12197
3, 10, 2127 3158 4574 5032 6691 7530 12197 19421
3, 10, 2127 3158 5032 6691 12197 13537 19421
3, 10, 2127 3512 6337 12868 13537 14404 16724
3, 10, 2218 6996 10130 15314 17537 17607 19513
3, 10, 2218 9390 10130 12759 14286 15314 16367 17537 17607 18602 19513
3, 10, 2294 3688 7847 8184 8658 12916
3, 10, 2294 3688 7847 8184 8658 19739
3, 10, 2294 3688 7847 8658 12916 19739
3, 10, 2294 3688 7847 8658 15638 19739
3, 10, 2315 3054 4404 4676 5418 12378 17337
3, 10, 2470 6082 7507 8590 10255 11191
3, 10, 2514 7929 8895 9054 13814 17166
3, 10, 2579 3512 6337 12427 12868 13537 14404
3, 10, 268 3620 5750 6703 11720 16463 18265
3, 10, 268 3620 5750 6703 8219 16463 16765 18265
3, 10, 2783 3215 5434 7783 8741 9805 15033 16240 16641 16714 16849 19387
3, 10, 2783 3215 5434 8741 9805 10475 14188 15033 16240 16641 16849 19387
3, 10, 2783 7783 8741 9805 13759 15033 16240 16641 16714 16849 19387
3, 10, 2783 7783 8741 9805 15033 16044 16240 16641 16714 19387
3, 10, 2783 8741 9081 9805 13759 14650 15033 16240 16641 16849 19387
3, 10, 2783 9081 13759 14650 15033 19360 19387 19880
3, 10, 2783 9081 9805 13759 14650 15033 16849 19387 19880
3, 10, 297 1765 10697 11451 14865 14966 15411 16000
3, 10, 297 1765 2122 2224 11451 12178 14966
3, 10, 297 1765 2122 2224 11451 13909 15411
3, 10, 297 1765 2122 2224 11451 14865 14966 15411 16000
3, 10, 297 2122 11451 14865 14966 15411 16000 18662
3, 10, 297 2122 2224 11451 13909 15411 18662
3, 10, 297 2122 2224 11492 12178 13909
3, 10, 3054 3962 4404 4676 12378 17337
3, 10, 3191 3962 4404 4676 9435 12378
3, 10, 3215 5434 7783 8741 9805 10475 14188 16240 16641 16714
3, 10, 3215 5434 8741 10475 14188 16325 16790
3, 10, 3215 5434 8741 10475 14188 16325 16849
3, 10, 3215 5434 8741 9805 14188 16240 16641 16714 19387
3, 10, 3223 4684 6525 12512 12835 14044
3, 10, 329 1099 3640 4202 7338 8105 11797 11838 13110 14168 17544 19769
3, 10, 329 1099 3640 4202 7338 8105 9416 11838 13110 14168 17544 19769
3, 10, 329 1099 3640 4202 7338 9416 11797 11838 13110 14168 17544 19769
3, 10, 329 1099 3640 4202 9416 11797 11838 13110 14168 17544 19277 19397 19769
3, 10, 329 1604 3640 3658 4202 7338 8105 11764 17544
3, 10, 329 1604 3640 3658 4202 9416 11764 17544
3, 10, 329 1604 3640 4202 7338 8105 9416 11764 11838 14168 17544
3, 10, 329 3640 4202 7338 9416 11764 11838 14168 17544 19769
3, 10, 329 3640 4202 9416 11764 11838 14168 17544 19277 19397 19769
3, 10, 337 1824 3518 3781 4701 14679 15329
3, 10, 342 1488 3366 3473 5548 18648
3, 10, 3512 6337 12427 12868 13537 14404 16044 16724
3, 10, 3512 6337 7783 12427 12868 13537 14404 16044 16714
3, 10, 3512 6337 7783 12427 13537 14404 16044 16714 16724
3, 10, 3512 6337 7783 12427 14404 16044 16240 16641 16714
3, 10, 3512 6337 7783 9805 12427 16044 16240 16641 16714
3, 10, 3620 5750 6703 8134 8219 16463 16765 18063 18265
3, 10, 3620 5750 6703 8134 8609 11720 16463 18265
3, 10, 3620 5750 6703 8134 8609 16463 16765 18063 18265
3, 10, 3620 5750 8134 8219 8609 16463 16765 18063 18265
3, 10, 3620 7639 8219 16463 16765 18063
3, 10, 3658 10153 10521 16791 17624 18995
3, 10, 3658 10153 14549 17434 17624 19562
3, 10, 3688 7847 8658 12916 15638 19739
3, 10, 387 2783 8741 9081 9805 13759 14650 15033 16849 19387
3, 10, 387 2783 8741 9081 9805 14650 15033 16240 16641 16849 19387
3, 10, 387 2783 9081 9805 14650 15033 16849 19387 19880
3, 10, 387 4159 4751 9081 11730 14650
3, 10, 3926 5355 5671 14599 17327 18049
3, 10, 3926 5355 5876 14599 17327 18049
3, 10, 4034 4923 5694 10120 14403 18168
3, 10, 4159 4751 9081 11730 14650 19880
3, 10, 4159 9081 11730 13759 14650 19880
3, 10, 4202 7338 7355 7741 8105 11838 14168
3, 10, 4202 7338 7741 8105 11838 14168 17544
3, 10, 4268 4563 9897 11112 13891 19309
3, 10, 4395 8677 10148 11420 13071 13705 18213
3, 10, 4538 5791 7039 7477 14978 16401 17373
3, 10, 4897 5019 5844 9637 11179 11845 12500 13716 15034
3, 10, 4897 5844 11179 12500 13716 14981 15034
3, 10, 5572 7338 7355 8105 11838 14168
3, 10, 5614 11578 11774 12063 12271 14290 17465 17693 17731
3, 10, 5750 8134 8609 11720 13551 18265
3, 10, 5791 7039 7477 14978 16401 17373 18484
3, 10, 5791 7039 7477 15796 16401 17373 18484
3, 10, 621 1906 4441 6766 6904 7009 9873 13814 16340 18496
3, 10, 621 1906 4441 6766 6904 7929 9873 13814 16340 18496
3, 10, 621 1906 4441 6904 7009 7415 9873 18496
3, 10, 621 1906 4441 6904 7009 9873 12283 16340 18496
3, 10, 621 2514 6766 6904 7929 9873 13814 16340 17166 18496
3, 10, 621 2514 6766 7929 9054 9873 13814 16340 17166 18496
3, 10, 621 4441 6766 6904 7929 9873 13814 16340 17166 18496
3, 10, 651 2134 5596 8946 10103 15504
3, 10, 651 2134 7716 8946 10103 12641 15504 15834
3, 10, 651 2134 7716 8946 12641 15504 15834 16497
3, 10, 651 7716 10557 12641 15834 16497
3, 10, 6525 9044 12512 12835 14044 17973
3, 10, 7185 9658 10752 11154 14569 15306
3, 10, 7249 9707 10156 14445 16616 16699
3, 10, 7249 9707 10156 14445 16616 18844
3, 10, 7446 8917 10461 14980 16256 17419
3, 10, 7446 8917 10461 16256 17419 19081
3, 10, 757 2003 2095 3020 3078 5733 13044 14124 14264 16325 16790 19895
3, 10, 7716 10557 12136 12641 15215 16497
3, 10, 7716 10557 12136 12641 15834 16497
3, 10, 7783 12427 13759 16044 16240 16641 16714
3, 10, 7783 8741 9805 12427 16044 16240 16641 16714 19387
3, 10, 7901 9829 10319 10822 12211 14529
3, 10, 825 10153 10521 11800 16791 17624 18995
3, 10, 825 10521 11800 14772 16791 17129 17726 18995
3, 10, 825 3658 10153 10521 17624 18995
3, 10, 825 7338 7355 7741 8105 11838
3, 10, 825 7741 10521 11800 16791 17129 18995
3, 10, 825 7741 11800 14772 16791 17129 18995
3, 10, 8284 11634 13230 14161 19856 19920
3, 10, 8284 13230 14161 15401 19856 19920
3, 10, 8677 10148 11420 13071 13705 13760 18213
3, 10, 8752 9614 12541 14549 16075 19471 19562
3, 10, 8941 13361 14255 14286 16367 18140 18602
3, 10, 8941 9191 9390 10130 12759 14255 14286 16367 17537 18140 18602
3, 10, 8941 9191 9390 10130 12759 14286 16367 17537 17607 18602
3, 10, 8941 9390 10130 12759 14255 14286 16367 17537 17607 18602 19513
3, 10, 8941 9390 10130 12759 14255 14286 16367 17537 18140 18602 19513
3, 10, 9081 11730 13759 14650 19360 19880
3, 10, 9614 12541 14549 17434 19471 19562
3, 10, 9658 10752 11154 12906 14569 15306
3, 10, 9658 10752 11154 14569 15921 17785
3, 10, 974 4115 4335 5652 17834 18637
3, 10, 974 4115 4335 5652 17916 18637
3, 10, 974 4115 4335 5652 7038 12287 18637
3, 10, 974 4335 5652 7038 8514 17834 18637
3, 10, 974 979 4335 7038 12287 18637
3, 10, 974 979 4335 7038 8514 18637
3, 10, 9826 10518 11696 14401 15202 19020
