0, 7, 10016 11355 14919 16609
0, 7, 1013 1098 5432 12675 17591
0, 7, 10153 10521 10902 14130 17624 18995
0, 7, 10153 10521 10902 16791 17624 18995
0, 7, 102 7006 8740 14556
0, 7, 10249 13532 16776 18511
0, 7, 10256 12606 13854 15999
0, 7, 1037 9429 9487 10137
0, 7, 10397 10693 15771 19388
0, 7, 1046 2096 10917 19436
0, 7, 105 1644 8359 13539
0, 7, 10521 10902 14130 16791 17726 18995
0, 7, 10521 10902 16791 17624 17726 18995
0, 7, 10531 10557 11643 12136
0, 7, 10557 11643 12136 15215
0, 7, 1059 3272 14434 15363 17046
0, 7, 10847 10969 16623 16731
0, 7, 1088 5661 5877 7319
0, 7, 10902 11509 13746 14130 15502
0, 7, 10902 11509 13746 14130 17726
0, 7, 10917 13949 15157 18422
0, 7, 10935 17622 18104 18343
0, 7, 10949 11899 13120 14848
0, 7, 10949 11899 14848 19271
0, 7, 1098 5432 7746 11940 12675 17591
0, 7, 1099 4202 7338 7355 8105 11797 11838 13110 14168 17544
0, 7, 1101 3885 4066 14622
0, 7, 1108 6671 10550 13654
0, 7, 1115 4749 4870 8200
0, 7, 11179 12500 13148 13716 14981
0, 7, 1122 3202 3855 4136
0, 7, 11235 13294 13884 14886 16507
0, 7, 1128 2201 6070 8151 11385
0, 7, 11295 12300 12369 16778 18176
0, 7, 11297 12712 15162 19032
0, 7, 11301 13462 14170 15737
0, 7, 11319 14221 16846 18903
0, 7, 1132 11616 15652 15685
0, 7, 1141 3803 6776 11738
0, 7, 11578 11774 12063 12271 13513 14290 17465 17693 17731
0, 7, 11578 12063 12572 13513 14290 17465 17693
0, 7, 1162 7613 13796 15888 16344
0, 7, 1175 2613 4505 11264 17662
0, 7, 1175 2613 4505 15761
0, 7, 1175 2613 6834 15761
0, 7, 11842 16404 17360 18403
0, 7, 1187 3525 5281 8667 15606
0, 7, 11874 13677 14278 14717
0, 7, 11891 14365 16487 17888
0, 7, 11898 12992 13948 17804
0, 7, 11898 12992 13948 18719
0, 7, 11913 13751 14873 15597
0, 7, 12141 12621 12796 16192
0, 7, 12141 12621 16192 19496
0, 7, 12172 12305 16382 17404
0, 7, 12172 12305 16382 19499
0, 7, 12172 13508 16382 17404
0, 7, 12321 14757 15048 19210
0, 7, 12369 16778 17067 18176
0, 7, 1252 12206 12285 14020
0, 7, 1261 1498 6997 18680
0, 7, 1261 2058 6997 18680
0, 7, 12796 16192 18416 18796
0, 7, 1286 16726 17943 19072
0, 7, 1288 5305 11101 11337
0, 7, 1296 6524 10187 11088
0, 7, 131 1650 11817 18253
0, 7, 13381 14342 17941 19095
0, 7, 1346 5438 5891 8994 13718
0, 7, 13612 14757 15048 19210
0, 7, 1384 16025 18088 19160
0, 7, 1400 7249 10156 12085 14638
0, 7, 1400 7249 10156 12085 18844
0, 7, 1400 7249 10156 14445 16616 16699
0, 7, 1400 7249 10156 14445 16616 18844
0, 7, 1400 7249 10156 16616 16699 18844
0, 7, 1400 7249 12085 14638 16219
0, 7, 1400 7249 12085 14638 16699
0, 7, 1400 7249 12085 16699 18844
0, 7, 1400 7249 9707 14445 16616 16699
0, 7, 1400 9028 10156 12085 14638 18844
0, 7, 1400 9028 12085 14638 16219 18844
0, 7, 1409 10723 12566 17882
0, 7, 1414 2537 8997 12483 15880 18732 18898
0, 7, 142 2778 10922 18966
0, 7, 142 824 1204 2778 9945
0, 7, 1465 10227 17671 17857
0, 7, 1488 3366 5548 12745
0, 7, 1498 12541 17434 19471
0, 7, 1498 14549 17434 19471
0, 7, 15 4211 7427 7795
0, 7, 1506 2781 4889 6350
0, 7, 1507 7961 8495 9013 13145
0, 7, 1507 9013 10744 13145
0, 7, 1536 2801 4659 8296
0, 7, 15521 17622 18104 18343
0, 7, 1570 2218 2713 3863 6996 13301
0, 7, 1570 2218 3863 6996 13301 15314 17537
0, 7, 1570 2218 6996 13301 15314 17537 17607
0, 7, 1572 7682 9975 14364
0, 7, 1575 7520 9310 11714
0, 7, 1582 7122 9718 17407
0, 7, 1587 2151 2874 18967
0, 7, 1587 2151 2874 7568
0, 7, 15921 16409 17785 18766
0, 7, 1604 3658 10153 10521 17624 18995
0, 7, 1604 3658 10153 17434
0, 7, 1604 4202 7741 8105
0, 7, 1610 10127 14165 18344
0, 7, 1610 12560 14165 18344
0, 7, 1610 5026 12560 14165
0, 7, 1636 11007 11352 12943 13569 18813
0, 7, 1640 2245 3211 4394 7351 17230
0, 7, 1640 2245 4394 7351 10458 17230
0, 7, 1640 2245 4394 7351 9698 17230
0, 7, 1640 2245 7351 9698 10458 17230
0, 7, 1640 2245 7351 9698 15194 17230
0, 7, 1640 3211 4394 7351 10458 17230
0, 7, 1646 5936 6364 7062 11050
0, 7, 1646 6364 7062 11050 12245 13504
0, 7, 1646 6364 7062 12245 13269 13504
0, 7, 167 881 3462 4608 9173
0, 7, 16778 17067 18176 19085
0, 7, 1691 2862 5801 6031 14491 18817
0, 7, 1691 2862 5801 9891 18817
0, 7, 1696 5381 6563 16706
0, 7, 1702 3499 15184 16409 18766
0, 7, 17051 17264 18014 18720
0, 7, 1765 10697 11451 14865 14966 15411 16000
0, 7, 1765 2798 7227 10697 14966
0, 7, 1765 7227 10697 14865 14966 16000
0, 7, 1807 5403 6687 16929
0, 7, 1809 10935 15145 16690
0, 7, 1809 9769 11706 16690
0, 7, 1824 3518 3781 4701 14679 15329
0, 7, 1827 15529 15642 16060 16066
0, 7, 1831 2271 16704 18790
0, 7, 1846 5198 6332 7208 17275
0, 7, 1851 4105 10883 17744
0, 7, 1851 4105 10883 18354
0, 7, 1863 7790 11969 16978
0, 7, 189 4116 14294 18001
0, 7, 189 9787 14294 18001
0, 7, 1890 4315 6414 12845 13016
0, 7, 1890 6414 7489 12845 13016
0, 7, 1906 4441 7415 11068
0, 7, 1907 5500 10430 18628
0, 7, 1907 5500 15467 18628
0, 7, 1907 5500 18628 19437
0, 7, 1937 4450 6647 6740
0, 7, 1952 8786 12288 13951
0, 7, 1967 5803 7188 10164
0, 7, 1967 5803 7188 10312
0, 7, 1967 7188 10164 10312 16285
0, 7, 1983 2590 10906 13271
0, 7, 1985 2531 4739 12334
0, 7, 1985 4739 12334 17853
0, 7, 2003 2095 3020 3078 5733 13044 14124 14264 16325 16790
0, 7, 2003 3020 3078 5733 10475 13044 14188 14264 16325 16790
0, 7, 2003 3078 3215 5434 5733 10475 14188 14264 16325 16790
0, 7, 2003 3078 5434 5733 10475 13044 14188 14264 16325 16790
0, 7, 2003 3078 5733 10475 13044 14124 14188 14264 16325 16790
0, 7, 2003 3215 5434 16325 16790 16849
0, 7, 2031 7526 12470 13302 13873 18041
0, 7, 2037 3567 4308 6774 9830 15573
0, 7, 2037 4308 6774 12965 15573
0, 7, 2069 7288 10553 13112 13493
0, 7, 2083 8301 16126 19479
0, 7, 2087 2450 3749 5424
0, 7, 2109 5612 10499 14335
0, 7, 2109 6736 10499 14335 17191
0, 7, 2115 3899 7717 16310
0, 7, 2116 11030 13025 15656
0, 7, 2116 11030 15656 16903
0, 7, 2127 2579 3158 12868 13537 14404
0, 7, 2127 2579 3158 4574 5032 6691 7530 12197
0, 7, 2127 2579 3158 5032 6691 12197 12868 13537
0, 7, 2127 2579 3512 12868 13537 14404
0, 7, 2127 2579 8014 12197 12868
0, 7, 2127 3158 12197 12868 13537 16724
0, 7, 2127 3158 12868 13537 14404 16724
0, 7, 2127 3158 4574 5032 5437 6691 7530 12197
0, 7, 2127 3158 4574 5032 6691 7530 12197 19421
0, 7, 2127 3512 6337 12868 13537 14404 16724
0, 7, 2134 4583 5596 8946 10103 15504
0, 7, 2139 16778 18176 19085
0, 7, 2139 4916 18176 19085
0, 7, 2139 4916 5572 19085
0, 7, 2139 4916 5572 7355
0, 7, 2186 4786 6153 14111
0, 7, 2192 6833 10316 10456
0, 7, 2194 9494 10203 17763
0, 7, 2196 2307 4172 4313
0, 7, 2218 2713 3863 6996 13301 17537
0, 7, 2218 6996 10130 15314 17537 17607
0, 7, 2218 6996 15314 16367 17537 17607
0, 7, 2218 9390 10130 12759 14286 15314 16367 17537 17607 18602
0, 7, 2222 3555 16883 19349
0, 7, 2224 4786 6153 11492 13909
0, 7, 2224 4786 6153 13909 14111
0, 7, 223 3015 10599 13420
0, 7, 226 841 4621 4985
0, 7, 226 841 4985 5514
0, 7, 226 912 4985 5514
0, 7, 2262 6925 13237 13496
0, 7, 2272 6498 14445 16616
0, 7, 2272 6498 9707 16616
0, 7, 2272 6498 9707 17622
0, 7, 2272 9707 14445 16616 16699
0, 7, 2272 9707 15521 17622
0, 7, 2274 8042 12517 15804
0, 7, 2294 3688 7847 8658 12916
0, 7, 2294 3688 7847 8658 13077
0, 7, 2294 3688 8184 8658 12916
0, 7, 2294 3688 8184 8658 13077
0, 7, 2307 4172 4313 6874 10409
0, 7, 2315 3054 4404 4676 12378 17337
0, 7, 2315 3054 4404 4676 5418 12378
0, 7, 2318 4930 7358 13450
0, 7, 2332 9863 12308 16666
0, 7, 2360 7901 9829 10822 17039
0, 7, 2381 3049 12907 18897
0, 7, 2402 4733 6083 6717
0, 7, 2404 2868 6172 13170
0, 7, 2404 2868 6172 14522
0, 7, 2431 7051 8468 14248
0, 7, 2470 6082 7507 11191
0, 7, 2470 7507 8590 10255
0, 7, 2470 7507 8590 11191
0, 7, 2478 7051 8468 15725
0, 7, 2486 5041 13051 16287
0, 7, 2510 5395 16091 16881
0, 7, 2514 2634 8895 9054 14220
0, 7, 2514 6766 7929 8895 9054 13814 17166
0, 7, 2532 8831 11123 19063
0, 7, 2540 2899 6864 8444
0, 7, 2546 4470 14489 16514
0, 7, 2546 4470 15316 16514
0, 7, 2579 3512 6337 12427 12868 13537 14404
0, 7, 268 3620 5750 6703 11720 16463 18265
0, 7, 268 3620 5750 6703 8219 16463
0, 7, 27 4903 12205 18078
0, 7, 2723 11726 13973 14869 15762
0, 7, 2723 8530 13973 14869 15762
0, 7, 2740 4325 10793 18012 18518
0, 7, 2740 4325 8529 18012 18518
0, 7, 2783 3215 5434 7783 8741 9805 10475 14188 16240 16641 16714 16849 19387
0, 7, 2783 3215 5434 7783 8741 9805 14188 15033 16240 16641 16714 16849 19387
0, 7, 2783 3215 5434 8741 9805 10475 14188 15033 16240 16641 16849 19387
0, 7, 2783 7783 8741 9081 9805 13759 15033 16240 16641 16714 19387
0, 7, 2783 7783 8741 9081 9805 15033 16240 16641 16714 16849 19387
0, 7, 2783 7783 8741 9805 12427 13759 16044 16240 16641 16714 19387
0, 7, 2783 7783 8741 9805 12427 15033 16044 16240 16641 16714 19387
0, 7, 2783 7783 8741 9805 13759 15033 16044 16240 16641 16714 19387
0, 7, 2783 9081 11730 13759 14650 15033 19387
0, 7, 2783 9081 13759 14650 15033 19360 19387
0, 7, 2787 12179 13228 14254
0, 7, 2787 8223 13228 14254
0, 7, 2798 2861 3422 7227 12137
0, 7, 2801 4659 8296 13058
0, 7, 2840 3514 13069 17893
0, 7, 2843 4977 5709 14773
0, 7, 2843 4977 5709 15702 15974
0, 7, 2861 3422 12137 17672
0, 7, 2862 5801 9891 15917 18817
0, 7, 2878 15701 17669 18179
0, 7, 2908 5463 8395 11253 15262
0, 7, 2940 5621 6353 18718
0, 7, 2948 5240 6554 15769 17094
0, 7, 297 1765 2122 11451 12178 13909
0, 7, 297 1765 2122 11451 12178 14865
0, 7, 297 1765 2122 11451 13909 14865 14966 15411 16000
0, 7, 297 2122 11451 13909 14865 14966 15411 16000 18662
0, 7, 297 2122 2224 11451 12178 13909
0, 7, 297 2122 2224 11451 13909 14865 15411
0, 7, 297 2122 2224 11492 12178 13909
0, 7, 297 2122 2224 6153 11492 13909
0, 7, 3015 3796 5453 10599 13420
0, 7, 3015 3796 5453 7240 13420
0, 7, 3054 3962 4404 4676 12378 17337
0, 7, 3058 7544 9249 18865
0, 7, 3062 3216 13551 15908 18028
0, 7, 3067 3223 12835 14044
0, 7, 3078 5434 5733 10475 14124 14188 14264 16325 16790
0, 7, 3094 5045 7773 10680 15290
0, 7, 3144 10912 13020 19036
0, 7, 3158 4574 5032 5437 6691 7530 12197 19421
0, 7, 3191 3962 4404 4676 9435 12378
0, 7, 3201 5475 7515 17700
0, 7, 3215 5434 10475 14188 16325 16790 16849
0, 7, 3215 5434 5733 10475 14124 14188 14264 16790
0, 7, 3215 5434 7783 8741 12427 16044 16240 16641 16714
0, 7, 3215 5434 7783 8741 9805 16044 16240 16641 16714
0, 7, 3215 6337 7783 8741 12427 16044 16240 16641 16714
0, 7, 3215 7783 8741 9805 12427 16044 16240 16641 16714
0, 7, 3215 7783 8741 9805 16044 16240 16641 16714 19387
0, 7, 322 1282 2881 11471
0, 7, 3223 4684 6525 12512 12835 14044
0, 7, 3275 7220 8284 15401 15770 18612
0, 7, 3288 4424 6155 11662 18912
0, 7, 329 1099 3640 4202 7338 8105 11797 11838 13110 14168 17544
0, 7, 329 1099 3640 4202 7338 9416 11797 11838 13110 14168 17544
0, 7, 329 1099 3640 4202 9416 11797 11838 13110 14168 17544 19277 19397
0, 7, 329 1604 3640 3658 4202 7338 8105 9416 17544
0, 7, 329 1604 3640 3658 4202 9416 11764 17544
0, 7, 329 1604 3640 4202 7338 8105 9416 11838 14168 17544
0, 7, 329 1604 3640 4202 7338 9416 11764 11838 14168 17544
0, 7, 329 3640 4202 7338 8105 9416 11838 13110 14168 17544
0, 7, 329 3640 4202 9416 11764 14168 17544 19277 19397
0, 7, 329 3640 4828 9416 11764 19277 19397
0, 7, 337 1824 3781 4701 14679 15329
0, 7, 3403 17633 19261 19316
0, 7, 3417 10794 17542 18746
0, 7, 342 1488 3366 3473 5548 18648
0, 7, 347 3509 16797 18465
0, 7, 3495 4627 8885 11039 16655
0, 7, 3506 10834 16588 17855
0, 7, 3506 15056 16588 17855
0, 7, 3512 6337 12427 12868 13537 14404 16044 16724
0, 7, 3512 6337 7783 12427 13537 14404 16044 16714 16724
0, 7, 3512 6337 7783 12427 13759 16044 16240 16641 16714
0, 7, 3512 6337 7783 12427 14404 16044 16240 16641 16714
0, 7, 3512 6337 7783 8741 9805 12427 16044 16240 16641 16714
0, 7, 3521 4132 8214 9468
0, 7, 3543 4697 5140 10328
0, 7, 3620 5750 6703 8134 8219 8609 16463 16765 18063 18265
0, 7, 3620 5750 6703 8134 8609 11720 16463 18063 18265
0, 7, 3620 5750 7639 8219 16463 16765 18063 18265
0, 7, 3622 10518 14401 19020
0, 7, 3638 6257 9497 12342 14227
0, 7, 3658 10153 14549 17434 17624
0, 7, 3675 4656 10501 10984
0, 7, 3688 7847 8658 12916 15638
0, 7, 3713 3763 5103 11561
0, 7, 3720 10591 17908 18311
0, 7, 3726 9997 10065 13931
0, 7, 374 5581 7428 7492
0, 7, 3780 6044 16150 16769
0, 7, 3780 6044 6574 8271
0, 7, 3780 6044 7495 16769
0, 7, 3780 6044 7495 8271
0, 7, 3782 10131 12406 13072
0, 7, 3866 8688 11523 16766
0, 7, 387 2783 3215 5434 8741 9805 15033 16240 16641 16849 19387
0, 7, 387 2783 7415 15033 16849 19387
0, 7, 387 2783 8741 9081 9805 13759 14650 15033 16240 16641 19387
0, 7, 387 2783 8741 9081 9805 14650 15033 16240 16641 16849 19387
0, 7, 387 2783 9081 11730 14650 15033 16849 19387
0, 7, 387 4159 4751 9081 11730 14650
0, 7, 387 4159 9081 11730 14650 15033
0, 7, 387 7415 14650 16849
0, 7, 3895 9786 12804 16830
0, 7, 3899 7717 16179 16310
0, 7, 3904 6624 8298 10275 18675
0, 7, 3926 5355 5671 6711 14599 18049
0, 7, 3926 5355 5876 14599 17327 18049
0, 7, 3926 5355 6711 14599 17327 18049
0, 7, 3931 8755 10158 18337
0, 7, 3931 8755 10363 18337
0, 7, 3932 7455 7854 15853 16104
0, 7, 3966 11127 13312 14612
0, 7, 3989 4437 9006 13974
0, 7, 3989 9006 9311 14753
0, 7, 4006 4662 6767 8687
0, 7, 4034 4923 5694 10120 14403 18168
0, 7, 4060 9226 10148 13760
0, 7, 4060 9226 13071 13760
0, 7, 407 490 1247 19203
0, 7, 4071 7308 8770 9660
0, 7, 410 3145 6914 17173
0, 7, 4116 12083 14796 18001
0, 7, 4153 10421 13712 16403
0, 7, 4159 9081 11730 13759 14650
0, 7, 4201 8144 8516 15637
0, 7, 4202 5572 7338 7355 7741 8105 11838 14168
0, 7, 4202 7338 7355 7741 8105 11838 14168 17544
0, 7, 4228 4886 18104 18343
0, 7, 4232 4481 11624 19101
0, 7, 4232 4481 9134 19101
0, 7, 4268 4563 9897 11112 13891 19309
0, 7, 4290 5661 5877 7319
0, 7, 4304 11791 14693 15391 18936
0, 7, 4325 8529 10793 18012 18518
0, 7, 4341 6568 15484 18094
0, 7, 4355 7261 14726 17300
0, 7, 4395 8677 10148 11420 13071 13705 18213
0, 7, 4408 4903 12205 18078
0, 7, 4418 11401 15165 16249 18527
0, 7, 443 1621 1677 16959
0, 7, 443 1621 5279 16959
0, 7, 4485 7403 10280 16520 18869
0, 7, 4514 9589 15019 18329
0, 7, 4531 8651 10776 13313
0, 7, 4538 5791 7039 7477 14978 16401 17373 18484
0, 7, 4538 7039 7417 7477 14978
0, 7, 4562 10226 11519 14246
0, 7, 4562 9144 11519 14246
0, 7, 4583 11874 14278 14310
0, 7, 4583 7282 11874 14310
0, 7, 4596 10985 12750 14553
0, 7, 4737 12859 16672 17168
0, 7, 474 6180 16743 17563
0, 7, 475 5040 7807 11233
0, 7, 4757 4774 11228 11388
0, 7, 4758 7639 8219 16765
0, 7, 483 3456 3778 6635
0, 7, 4886 6518 11732 15521
0, 7, 489 1797 13403 15012
0, 7, 4897 5019 5844 9637 11179 11845 12500 13716 15034
0, 7, 4897 5844 11179 12500 13716 14981
0, 7, 491 4983 8292 10737
0, 7, 4916 5572 7338 7355 8105
0, 7, 4916 5572 7355 7741 8105
0, 7, 4939 16744 17478 17723
0, 7, 4958 11204 11598 15828
0, 7, 4960 6744 9588 18328
0, 7, 500 5532 9743 14634
0, 7, 5008 7083 7307 12507
0, 7, 5073 5208 9470 9925
0, 7, 5086 11447 13806 17640
0, 7, 5090 5591 12780 18840
0, 7, 5090 5591 16059 18840
0, 7, 5125 13009 16594 16627
0, 7, 5126 7138 16381 17530
0, 7, 5132 16455 17785 17805
0, 7, 5137 13626 13742 16169 18464
0, 7, 5208 9470 9925 10472
0, 7, 530 6147 10702 11497 17886
0, 7, 5311 15961 18803 19299
0, 7, 538 7362 10639 11462
0, 7, 538 7362 10639 12178
0, 7, 5394 6340 7754 8016 18927
0, 7, 5395 16091 17263 17483
0, 7, 5401 10666 19123 19243
0, 7, 5437 13544 14656 15872
0, 7, 5450 8153 8422 13846
0, 7, 5500 10430 15467 18628
0, 7, 5500 15467 18628 19437
0, 7, 557 5892 10546 12540 15141
0, 7, 557 5892 9293 10546 12540
0, 7, 557 5892 9293 12540 15141
0, 7, 5585 5679 15085 16780 19456
0, 7, 5595 13294 13884 14886 16507
0, 7, 5598 5950 6019 7981 9534
0, 7, 56 2963 6331 8187
0, 7, 5614 11578 11774 12063 12271 17465 17693 17731
0, 7, 5621 6353 7021 18718
0, 7, 5649 8877 13088 13790 17856
0, 7, 5674 7619 12264 12270 12869
0, 7, 5690 6286 7718 13191
0, 7, 5690 9032 10378 10569
0, 7, 5750 8134 8609 11720 13551 18265
0, 7, 5750 8134 8609 13551 18063 18265
0, 7, 578 3081 6681 9624 15758
0, 7, 5791 7039 7477 15796 16401 17373 18484
0, 7, 5798 8131 13669 16055
0, 7, 5803 7188 10164 16285
0, 7, 5810 9182 12200 15595
0, 7, 5900 8153 8422 13846
0, 7, 5926 14197 15380 15913
0, 7, 5974 10086 13544 14656
0, 7, 6027 10195 13885 16727
0, 7, 6033 12126 15225 15845
0, 7, 6076 8583 9404 11011 11013
0, 7, 6082 7507 11191 12165
0, 7, 6082 7507 8590 11191
0, 7, 61 3786 13791 17268
0, 7, 6105 6794 8042 12517 15804
0, 7, 6136 9649 12722 18348
0, 7, 6152 9113 9274 17783 18836
0, 7, 6161 10657 11582 16886
0, 7, 6179 7879 13985 18673
0, 7, 6180 12572 13513 14361 16743 17563
0, 7, 619 3157 8322 14560
0, 7, 621 1906 4441 6904 7009 7929 9873 13814 16340 18496
0, 7, 621 1906 4441 6904 7009 9873 11068 12283 18496
0, 7, 621 1906 4441 6904 7009 9873 12283 13814 18496
0, 7, 621 2514 6766 6904 7929 9873 13814 16340 17166 18496
0, 7, 621 2514 6766 7929 9054 13814 16340 17166 18496
0, 7, 621 4441 6766 6904 7009 7929 9873 13814 16340 18496
0, 7, 621 4441 6766 6904 7929 9873 13814 16340 17166 18496
0, 7, 621 4441 6904 7009 9873 12283 13814 16340 18496
0, 7, 621 6766 7929 9054 9873 13814 16340 17166 18496
0, 7, 6237 9866 12386 13144
0, 7, 6256 6851 16302 17446 18259
0, 7, 6259 14011 16782 17444 18552
0, 7, 6280 11633 16703 18770
0, 7, 6280 8484 14952 16703 17961
0, 7, 632 4737 16672 17168
0, 7, 6337 7783 8741 9805 12427 13759 16044 16240 16641 16714
0, 7, 6337 7783 8741 9805 12427 16044 16240 16641 16714 19387
0, 7, 6358 12220 18531 18553
0, 7, 638 2034 5447 12220
0, 7, 6393 8179 8328 19295
0, 7, 644 10728 16343 17873
0, 7, 644 7212 10728 16343
0, 7, 6461 7284 13918 14832
0, 7, 6464 11008 14349 14997
0, 7, 647 10404 13002 16112
0, 7, 651 2134 5596 8946 10103 15504
0, 7, 651 2134 7716 8946 10103 15504 15834
0, 7, 651 2134 7716 8946 12641 15504 15834 16497
0, 7, 6525 12512 12835 14044 17973
0, 7, 6525 12512 17973 17979
0, 7, 6525 9044 12512 12835 17973
0, 7, 6577 7553 11180 11978
0, 7, 6624 8298 11175 18675
0, 7, 6662 9031 10431 12718 19434
0, 7, 6671 9475 10550 13654
0, 7, 6680 11792 14329 18926
0, 7, 6742 9391 12686 14450
0, 7, 6768 10361 11201 17055
0, 7, 6846 11121 11246 12647
0, 7, 685 8835 9827 15110
0, 7, 687 1807 5403 6687
0, 7, 687 1807 6687 16135
0, 7, 6904 7009 9873 13947 18496
0, 7, 6912 7903 10967 13296
0, 7, 6940 16705 18320 19296
0, 7, 7066 7347 12842 16109
0, 7, 712 1908 13311 18789
0, 7, 7142 9076 12542 13738
0, 7, 7165 11115 11442 13715
0, 7, 7168 7764 8291 14593
0, 7, 7185 9658 10752 11154 14569 15306
0, 7, 7220 8284 13230 15401
0, 7, 7249 9707 15521 16699
0, 7, 7282 11874 13118 14310
0, 7, 731 4260 6867 10961
0, 7, 7421 7885 16749 19017
0, 7, 7446 10461 14980 16256 17419
0, 7, 7446 8917 10461 16256 17419 19081
0, 7, 7481 8704 14723 14747 17829
0, 7, 7526 12470 13873 18041 18235
0, 7, 7544 9249 11212 18865
0, 7, 757 2095 3078 5733 13044 14124 14264 16790
0, 7, 7589 12598 12899 16356
0, 7, 763 9124 10142 19106
0, 7, 7716 10557 12136 12641 15215 16497
0, 7, 7716 10557 12641 15834 16497
0, 7, 772 6897 10708 12118
0, 7, 7726 11884 12848 16663
0, 7, 7765 10256 10602 12606 15999
0, 7, 7765 9207 10602 12606 15999
0, 7, 7765 9207 10602 13065
0, 7, 782 10847 10969 16731
0, 7, 782 2924 9311 10847
0, 7, 782 2924 9311 14753
0, 7, 7897 10424 13525 14316 18660
0, 7, 7901 10319 12211 14529 16605
0, 7, 7901 9829 10319 10822 12211 14529
0, 7, 7903 8090 10967 11380 13296
0, 7, 7951 13464 13708 16872
0, 7, 7998 15077 15690 15926
0, 7, 8051 9581 12991 13475
0, 7, 8071 10679 11487 18509
0, 7, 8110 14867 16446 19475
0, 7, 8156 8896 13782 15282 18199
0, 7, 817 5411 5469 5976
0, 7, 8179 8328 9373 19295
0, 7, 8203 9471 10005 18515
0, 7, 825 10153 10521 11800 16791 17624 18995
0, 7, 825 10521 11800 14772 16791 17129 17726 18995
0, 7, 825 10521 11800 16791 17624 17726 18995
0, 7, 825 7338 7355 7741 8105
0, 7, 825 7338 7741 8105 11838
0, 7, 825 7741 10521 11800 14772 16791 17129 18995
0, 7, 825 7741 8105 11800
0, 7, 8284 11634 13230 14161
0, 7, 8284 13230 14161 15401
0, 7, 835 1503 8816 15814
0, 7, 8356 12509 13986 15766
0, 7, 837 2694 11361 12557 17472
0, 7, 838 1619 7124 14590 19287
0, 7, 8386 9797 13579 14934
0, 7, 8408 9630 13094 13325
0, 7, 841 1725 4621 14394
0, 7, 841 1725 6381 14394
0, 7, 8484 8538 14952 17024 17961
0, 7, 8529 13541 18012 18518
0, 7, 853 8894 11670 13243
0, 7, 8530 13973 14869 17849
0, 7, 8583 9052 9404 11011 11013
0, 7, 859 3796 5453 7240 13420
0, 7, 8617 8820 10796 11629
0, 7, 8617 8820 11629 18506
0, 7, 8631 9797 13579 14934
0, 7, 8677 10148 11420 13071 13760 18213
0, 7, 8695 13132 13861 14564
0, 7, 8752 9614 10902 15502
0, 7, 8752 9614 12541 14549 19471
0, 7, 8752 9614 12541 16075 19471
0, 7, 8752 9614 15502 16075
0, 7, 877 8786 12288 15596
0, 7, 880 3664 5368 10448
0, 7, 8831 11123 17619 19063
0, 7, 8856 9862 10233 16968
0, 7, 892 1358 8060 19457
0, 7, 892 4690 8060 19457
0, 7, 8923 11354 16015 16376
0, 7, 8941 13361 14255 16367 18140 18602
0, 7, 8941 9191 9390 10130 12759 14255 14286 16367 17537 17607 18602
0, 7, 8941 9191 9390 10130 12759 14255 14286 16367 17537 18140 18602
0, 7, 8941 9390 10130 12759 14286 15314 16367 17537 17607 18602
0, 7, 897 2476 10068 11630
0, 7, 897 4964 11630 12371
0, 7, 9013 10435 10744 13145
0, 7, 903 7466 10116 13014
0, 7, 9032 10378 10569 13937 16831 18843
0, 7, 9052 11013 14736 16819
0, 7, 9062 11315 13226 16555 19093
0, 7, 9081 11730 13759 14650 19360
0, 7, 912 4985 5514 7260
0, 7, 9146 15569 17462 18666
0, 7, 9170 9898 11163 12643
0, 7, 9175 13047 15170 18491
0, 7, 9191 9390 10130 12759 14286 15314 17537 17607 18602
0, 7, 9226 10148 13071 13760 18213
0, 7, 9226 13071 16360 18213
0, 7, 9235 13626 16169 18464
0, 7, 9249 16175 18162 18865
0, 7, 9331 12383 15461 16763
0, 7, 9362 12928 17718 19270
0, 7, 9391 12432 12686 14450
0, 7, 95 5532 9743 14634
0, 7, 953 1073 1713 11324
0, 7, 956 6796 14361 19121
0, 7, 9614 10153 14549 17434 17624
0, 7, 9614 12541 14549 17434 19471
0, 7, 962 6596 10732 19021
0, 7, 962 6596 7168 7764 8291
0, 7, 963 2897 15358 15715
0, 7, 9658 10752 11154 12906 14569 15306
0, 7, 9658 10752 11154 14569 15921 17785
0, 7, 97 1640 3211 4394 7351 17230
0, 7, 97 903 5273 7466
0, 7, 97 903 7466 13014
0, 7, 9705 12760 13000 14093 17309
0, 7, 9728 10875 12782 16049
0, 7, 974 4115 4335 5652 17834 18637
0, 7, 974 4115 4335 5652 17916 18637
0, 7, 974 4115 4335 5652 7038 12287 18637
0, 7, 974 4335 5652 8514 17834 18637
0, 7, 974 4335 7038 8514 17834 18637
0, 7, 979 4335 7038 12287 18637
0, 7, 979 4335 7038 8514
0, 7, 9826 10518 11696 14401 15202 19020
1, 8, 10016 11355 14919 16609
1, 8, 1013 1098 12675 17591 19516
1, 8, 1013 1098 5432 12675 17591
1, 8, 10153 10521 10902 16791 17624 18995
1, 8, 102 7006 8740 14556
1, 8, 10249 13532 16776 18511
1, 8, 10256 12606 13854 15999
1, 8, 1037 9429 9487 10137
1, 8, 10378 10569 13937 16831 18843
1, 8, 10397 10693 15771 19388
1, 8, 1046 2096 10917 19436
1, 8, 105 1644 8359 13539
1, 8, 10521 10902 14130 17624 18995
1, 8, 10521 10902 14130 17726 18995
1, 8, 10521 10902 16791 17624 17726 18995
1, 8, 10531 10557 11643 12136
1, 8, 10557 11643 12136 15215
1, 8, 1059 3272 14434 15363 17046
1, 8, 10847 10969 16623 16731
1, 8, 1088 5661 5877 7319
1, 8, 10902 11509 13746 14130 15502
1, 8, 10902 11509 13746 14130 17726
1, 8, 10917 13949 15157 18422
1, 8, 10935 17622 18104 18343
1, 8, 10949 11899 13120 14848
1, 8, 10949 11899 14848 19271
1, 8, 1098 5432 7746 11940 12675 17591
1, 8, 1099 4202 7338 7355 8105 11797 11838 13110 14168 17544
1, 8, 1101 3885 4066 14622
1, 8, 1108 6671 10550 13654
1, 8, 1115 4749 4870 8200
1, 8, 11179 12500 13148 13716 14981
1, 8, 1122 3202 3855 4136
1, 8, 11235 13294 13884 14886 16507
1, 8, 1128 2201 6070 8151 11385
1, 8, 11295 12300 12369 16778 18176
1, 8, 11297 12712 15162 19032
1, 8, 11301 13462 14170 15737
1, 8, 11319 14221 16846 18903
1, 8, 1132 11616 15652 15685
1, 8, 1141 3803 6776 11738
1, 8, 11578 11774 12063 12271 13513 14290 17465 17693 17731
1, 8, 11578 12063 12271 12572 13513 14290 17465 17693
1, 8, 1162 7613 13796 15888 16344
1, 8, 1175 2613 4505 11264
1, 8, 1175 2613 4505 17662
1, 8, 1175 2613 4505 6834 15761
1, 8, 1175 4505 11264 17662
1, 8, 1187 3525 5281 8667 15606
1, 8, 11874 13677 14278 14717
1, 8, 11891 14365 16487 17888
1, 8, 11898 12992 13948 17804
1, 8, 11898 12992 13948 18719
1, 8, 11900 13560 15138 19504
1, 8, 11913 13751 14873 15597
1, 8, 12141 12621 12796 16192
1, 8, 12172 12305 16382 17404
1, 8, 12172 12305 16382 19499
1, 8, 12172 13508 16382 17404
1, 8, 12321 14757 15048 19210
1, 8, 12369 16778 17067 18176
1, 8, 1252 12206 12285 14020
1, 8, 1261 1498 6997 18680
1, 8, 1261 2058 6997 18680
1, 8, 12796 16192 18416 18796
1, 8, 1286 16726 17943 19072
1, 8, 1288 5305 11101 11337
1, 8, 12928 17718 19270 19651
1, 8, 1296 6524 10187 11088
1, 8, 131 1650 11817 18253
1, 8, 13381 14342 17941 19095
1, 8, 1346 5438 5891 8307
1, 8, 1346 5438 5891 8994 13718
1, 8, 13612 14757 15048 19210
1, 8, 1384 16025 18088 19160
1, 8, 1400 7249 10156 12085 14638 18844
1, 8, 1400 7249 10156 14445 16616 18844
1, 8, 1400 7249 10156 14445 16699 18844
1, 8, 1400 7249 12085 14638 16219
1, 8, 1400 7249 12085 14638 16699 18844
1, 8, 1400 7249 9707 10156 16616
1, 8, 1400 7249 9707 10156 16699
1, 8, 1400 7249 9707 14445 16616
1, 8, 1400 7249 9707 14445 16699
1, 8, 1400 9028 10156 12085 14638 18844
1, 8, 1400 9028 12085 14638 16219 18844
1, 8, 1409 10723 12566 17882
1, 8, 1414 2537 8997 12483 15880 18732 18898 19570
1, 8, 142 1204 2778 18966
1, 8, 142 2778 10922 18966
1, 8, 142 824 1204 2778 9945
1, 8, 142 824 2778 10922
1, 8, 1465 10227 17671 17857
1, 8, 1498 12541 14549 17434 19471
1, 8, 15 4211 7427 7795
1, 8, 1506 2781 4889 6350
1, 8, 1507 7961 8495 9013 13145
1, 8, 1507 9013 10744 13145
1, 8, 1514 4637 14725 17516
1, 8, 15521 17622 18104 18343
1, 8, 1570 2218 2713 3863 6996 13301 19513
1, 8, 1570 2218 3863 6996 13301 15314 17537 19513
1, 8, 1570 2218 6996 13301 15314 17537 17607 19513
1, 8, 1572 7682 9975 14364
1, 8, 1575 7520 9310 11714
1, 8, 1582 7122 9718 17407
1, 8, 1587 2151 2874 18967
1, 8, 1587 2151 2874 7568
1, 8, 15921 16409 17785 18766
1, 8, 1604 3658 10153 10521 17624 18995
1, 8, 1604 3658 10153 17434
1, 8, 1610 12560 14165 18344
1, 8, 1610 5026 12560 14165
1, 8, 1636 11007 11352 12943 13569 18813
1, 8, 1640 2245 3211 4394 7351 17230
1, 8, 1640 2245 4394 7351 10458 17230
1, 8, 1640 2245 4394 7351 9698 17230
1, 8, 1640 2245 7351 9698 10458 17230
1, 8, 1640 2245 7351 9698 15194 17230
1, 8, 1640 3211 4394 7351 10458 17230
1, 8, 1646 5936 6364 7062 11050 12245
1, 8, 1646 6364 7062 11050 12245 13504
1, 8, 1646 6364 7062 12245 13269 13504
1, 8, 167 881 3462 4608 9173
1, 8, 16778 17067 18176 19085
1, 8, 1691 2862 5801 6031 14491 18817
1, 8, 1691 2862 5801 9891 18817
1, 8, 1696 5381 6563 16706
1, 8, 1702 3499 15184 16409 18766
1, 8, 17051 17264 18014 18720
1, 8, 1765 10697 11451 14865 14966 15411 16000
1, 8, 1765 2798 10697 14966
1, 8, 1765 2798 7227 10697
1, 8, 1765 7227 10697 14865 14966 16000
1, 8, 17849 18670 18881 19619
1, 8, 1807 5403 6687 16929
1, 8, 1809 10935 15145 16690
1, 8, 1824 3518 3781 4701 14679 15329
1, 8, 1827 15529 15642 16060 16066
1, 8, 1831 2271 16704 18790
1, 8, 1846 5198 6332 7208 17275
1, 8, 1851 10883 11131 19624
1, 8, 1851 4105 10883 17744 18354 19624
1, 8, 1863 7790 11969 16978
1, 8, 189 4116 14294 18001
1, 8, 189 9787 14294 18001
1, 8, 1890 4315 6414 12845 13016
1, 8, 1890 6414 7489 12845 13016
1, 8, 1906 4441 6904 7415 9873 11068
1, 8, 1907 5500 15467 18628
1, 8, 1907 5500 18628 19437
1, 8, 1952 8786 12288 13951
1, 8, 1967 5803 7188 10164
1, 8, 1967 5803 7188 10312
1, 8, 1967 7188 10164 16285
1, 8, 1967 7188 10312 16285
1, 8, 1985 2531 4739 12334
1, 8, 1985 4739 12334 17853
1, 8, 2003 2095 3020 3078 5733 13044 14124 14264 16325 16790
1, 8, 2003 3020 3078 5434 5733 10475 13044 14188 14264 16325 16790
1, 8, 2003 3078 3215 5434 5733 10475 14188 14264 16325 16790
1, 8, 2003 3078 5434 5733 10475 14124 14188 14264 16325 16790
1, 8, 2003 3078 5733 10475 13044 14124 14188 14264 16325 16790
1, 8, 2003 3215 5434 14188 16325 16790 16849
1, 8, 2031 7526 12470 13302 13873 18041
1, 8, 2037 3567 4308 6774 9830 15573
1, 8, 2037 4308 6774 12965 15573
1, 8, 2069 7288 10553 13112 13493
1, 8, 2083 8301 16126 19479
1, 8, 2087 2450 3749 5424
1, 8, 2109 10499 12680 14335
1, 8, 2109 5612 10499 14335
1, 8, 2109 6736 10499 14335 17191
1, 8, 2115 3899 7717 16310
1, 8, 2116 11030 13025 15656
1, 8, 2116 11030 15656 16903
1, 8, 2122 2224 6153 11492 13909
1, 8, 2127 2579 3158 12868 13537 14404
1, 8, 2127 2579 3158 4574 5032 6691 7530 12197
1, 8, 2127 2579 3158 5032 6691 12197 12868 13537
1, 8, 2127 2579 3512 12868 13537 14404
1, 8, 2127 2579 8014 12197 12868
1, 8, 2127 3158 12197 12868 13537 16724
1, 8, 2127 3158 12868 13537 14404 16724
1, 8, 2127 3158 16724 19421
1, 8, 2127 3158 4574 5032 5437 6691 7530 12197
1, 8, 2127 3158 4574 5032 6691 7530 12197 19421
1, 8, 2127 3512 6337 12868 13537 14404 16724
1, 8, 2134 4583 5596 8946 10103
1, 8, 2139 16778 18176 19085
1, 8, 2139 4916 18176 19085
1, 8, 2139 4916 5572 19085
1, 8, 2139 4916 5572 7355
1, 8, 2186 4786 6153 14111
1, 8, 2192 6833 10316 10456
1, 8, 2194 9494 10203 17763
1, 8, 2196 2307 4172 4313
1, 8, 2218 6996 10130 15314 17537 17607 19513
1, 8, 2218 9390 10130 12759 14286 15314 16367 17537 17607 18602 19513
1, 8, 2222 3555 16883 19349
1, 8, 2224 4786 6153 11492 13909
1, 8, 2224 4786 6153 13909 14111
1, 8, 223 3015 10599 13420
1, 8, 226 841 4621 4985
1, 8, 226 841 4985 5514
1, 8, 226 912 4985 5514
1, 8, 2262 6925 13237 13496
1, 8, 2272 6498 14445 16616
1, 8, 2272 6498 9707 16616
1, 8, 2272 6498 9707 17622
1, 8, 2272 9707 14445 16616 16699
1, 8, 2272 9707 15521 17622
1, 8, 2274 8042 12517 15804
1, 8, 2294 3688 7847 8658 12916
1, 8, 2294 3688 7847 8658 13077
1, 8, 2294 3688 8184 8658 12916
1, 8, 2294 3688 8184 8658 13077
1, 8, 2307 4172 4313 6874 10409
1, 8, 2315 3054 4404 4676 12378 17337
1, 8, 2315 3054 4404 4676 5418 12378
1, 8, 2318 4930 7358 13450
1, 8, 2332 9863 12308 16666
1, 8, 2360 7901 9829 10822 17039
1, 8, 2381 3049 12907 18897
1, 8, 2402 4733 6083 6717
1, 8, 2404 2868 6172 13170 14522
1, 8, 2431 7051 8468 14248
1, 8, 2470 6082 7507 8590 11191
1, 8, 2470 7507 10255 11191
1, 8, 2470 7507 8590 10255
1, 8, 2478 7051 8468 15725
1, 8, 2486 5041 13051 16287
1, 8, 2510 5395 16091 16881
1, 8, 2514 2634 8895 9054 14220
1, 8, 2514 6766 7929 8895 9054 13814 17166
1, 8, 2532 8831 11123 19063
1, 8, 2540 2899 6864 8444
1, 8, 2546 4470 14489 16514
1, 8, 2546 4470 15316 16514
1, 8, 2579 3512 6337 12427 12868 13537 14404
1, 8, 268 3620 5750 6703 11720 16463 18265
1, 8, 268 3620 5750 6703 8219 16463 18265
1, 8, 2723 11726 13973 14869 15762
1, 8, 2723 8530 13973 14869 15762
1, 8, 2740 4325 10793 18012 18518
1, 8, 2740 4325 8529 18012 18518
1, 8, 2783 3215 5434 7783 8741 9805 14188 16240 16641 16714 16849 19387
1, 8, 2783 3215 5434 7783 8741 9805 15033 16240 16641 16714 16849 19387
1, 8, 2783 3215 5434 8741 9805 10475 14188 15033 16240 16641 16849 19387
1, 8, 2783 3215 5434 8741 9805 10475 14188 16240 16641 16714 19387
1, 8, 2783 7783 8741 9081 9805 13759 15033 16240 16641 16714 19387
1, 8, 2783 7783 8741 9081 9805 15033 16240 16641 16714 16849 19387
1, 8, 2783 7783 8741 9805 12427 16044 16240 16641 16714 19387
1, 8, 2783 7783 8741 9805 13759 15033 16044 16240 16641 16714 19387
1, 8, 2783 9081 11730 13759 14650 15033
1, 8, 2783 9081 13759 14650 15033 19360 19387
1, 8, 2787 12179 13228 14254
1, 8, 2787 8223 13228 14254
1, 8, 2798 2861 3422 7227 12137
1, 8, 2801 4659 8296 13058
1, 8, 2840 3514 13069 17893
1, 8, 2843 4977 5709 14773
1, 8, 2843 4977 5709 15702 15974
1, 8, 2861 3422 12137 17672
1, 8, 2862 5801 9891 15917 18817
1, 8, 2878 15701 17669 18179
1, 8, 2908 5463 8395 11253 15262
1, 8, 2940 5621 6353 18718
1, 8, 2948 5240 6554 15769 17094
1, 8, 297 1765 2122 11451 13909 14865 14966 15411
1, 8, 297 1765 2122 11451 14865 14966 15411 16000
1, 8, 297 1765 2122 2224 11451 12178 13909
1, 8, 297 1765 2122 2224 11451 13909 14865 15411
1, 8, 297 2122 11451 13909 14865 14966 15411 18662
1, 8, 297 2122 11451 14865 14966 15411 16000 18662
1, 8, 297 2122 2224 11451 13909 14865 14966 15411
1, 8, 297 2122 2224 11451 14865 14966 15411 16000
1, 8, 297 2122 2224 11492 12178 13909
1, 8, 297 2122 2224 6153 13909
1, 8, 3015 3796 5453 10599 13420
1, 8, 3015 3796 5453 7240 13420
1, 8, 3054 3962 4404 4676 12378 17337
1, 8, 3058 7544 9249 18865
1, 8, 3062 13551 15908 18028
1, 8, 3062 3216 15908 18028
1, 8, 3067 3223 12835 14044
1, 8, 3094 5045 7773 10680 15290
1, 8, 3144 10912 13020 19036
1, 8, 3158 4574 5032 5437 6691 7530 19421
1, 8, 3191 3962 4404 4676 9435 12378
1, 8, 3201 5475 7515 17700
1, 8, 3215 5434 10475 14188 16325 16790 16849
1, 8, 3215 5434 5733 10475 14124 14188 14264 16325 16790
1, 8, 3215 5434 7783 8741 16044 16240 16641 16714
1, 8, 3215 5434 7783 8741 9805 10475 14188 16240 16641 16714 19387
1, 8, 3215 5434 8741 10475 14188 14264
1, 8, 3215 7783 12427 16044 16240 16641 16714
1, 8, 3215 7783 8741 9805 16044 16240 16641 16714
1, 8, 322 1282 2881 11471
1, 8, 3223 4684 6525 12512 12835 14044
1, 8, 3275 7220 8284 15401 15770 18612
1, 8, 3288 4424 6155 11662 18912
1, 8, 329 1099 3640 4202 7338 8105 11797 11838 13110 14168 17544
1, 8, 329 1099 3640 4202 7338 9416 11797 11838 13110 14168 17544
1, 8, 329 1099 3640 4202 9416 11797 11838 13110 14168 17544 19277 19397
1, 8, 329 1604 3640 3658 4202 7338 11764 17544
1, 8, 329 1604 3640 3658 4202 7338 8105 17544
1, 8, 329 1604 3640 3658 4202 9416 11764 17544
1, 8, 329 1604 3640 4202 7338 8105 9416 11838 14168 17544
1, 8, 329 1604 3640 4202 7338 9416 11764 11838 14168 17544
1, 8, 329 3640 4202 7338 8105 9416 11838 13110 14168 17544
1, 8, 329 3640 4202 9416 11764 11838 14168 17544 19397
1, 8, 329 3640 4202 9416 11764 14168 17544 19277 19397
1, 8, 337 1824 3781 4701 14679 15329
1, 8, 337 3518 4701 14679 15329
1, 8, 3403 17633 19261 19316
1, 8, 3417 10794 17542 18746
1, 8, 342 1488 3366 3473 5548 18648
1, 8, 347 3509 16797 18465
1, 8, 3495 4627 8885 11039 16655
1, 8, 3506 10834 16588 17855
1, 8, 3506 15056 16588 17855
1, 8, 3512 6337 12427 12868 13537 14404 16044 16724
1, 8, 3512 6337 7783 12427 13537 14404 16044 16714 16724
1, 8, 3512 6337 7783 12427 13759 16044 16240 16641 16714
1, 8, 3512 6337 7783 12427 14404 16044 16240 16641 16714
1, 8, 3512 6337 7783 8741 9805 12427 16044 16240 16641 16714
1, 8, 3513 3720 10591 17908
1, 8, 3521 4132 8214 9468
1, 8, 3543 4697 5140 10328
1, 8, 3620 5750 6703 8134 8219 8609 16463 16765 18063 18265
1, 8, 3620 5750 6703 8134 8609 11720 16463 18063 18265
1, 8, 3620 7639 8219 16463 16765 18063
1, 8, 3622 10518 14401 19020
1, 8, 3638 6257 9497 12342 14227
1, 8, 3658 10153 14549 17434 17624
1, 8, 3675 4656 10501 10984
1, 8, 3688 7847 8658 12916 15638
1, 8, 3713 3763 5103 11561
1, 8, 3720 10591 17908 18311
1, 8, 3726 9997 10065 13931
1, 8, 374 5581 7428 7492
1, 8, 3780 6044 16150 16769
1, 8, 3780 6044 6574 8271
1, 8, 3780 6044 7495 16769
1, 8, 3780 6044 7495 8271
1, 8, 3782 10131 12406 13072
1, 8, 3863 16367 17537 19513
1, 8, 3866 8688 11523 16766
1, 8, 387 2783 3215 8741 9805 15033 16240 16641 16849 19387
1, 8, 387 2783 8741 9081 9805 13759 14650 15033 16240 16641 16849 19387
1, 8, 387 3215 16325 16849
1, 8, 387 4159 4751 9081 11730 14650
1, 8, 387 7415 14650 16849
1, 8, 387 7415 15033 16849
1, 8, 387 9081 11730 14650 15033
1, 8, 3899 7717 16179 16310
1, 8, 3904 6624 8298 10275 18675
1, 8, 3926 5355 5671 6711 14599 17327 18049
1, 8, 3926 5355 5876 14599 17327 18049
1, 8, 3931 8755 10158 18337
1, 8, 3932 7455 7854 15853 16104
1, 8, 3966 11127 13312 14612
1, 8, 3989 4437 9006 13974
1, 8, 3989 9006 9311 14753
1, 8, 4006 4662 6767 8687
1, 8, 4034 4923 5694 10120 14403 18168
1, 8, 4060 9226 10148 13760
1, 8, 407 490 1247 19203
1, 8, 4071 7308 8770 9660
1, 8, 410 3145 6914 17173
1, 8, 4116 12083 14796 18001
1, 8, 4153 10421 13712 16403
1, 8, 4159 9081 11730 13759 14650
1, 8, 4160 8971 16031 18408
1, 8, 4201 8144 8516 15637
1, 8, 4202 5572 7338 7355 7741 8105 11838 14168
1, 8, 4202 7338 7355 7741 8105 11838 14168 17544
1, 8, 4232 4481 11624 19101
1, 8, 4268 4563 9897 11112 13891 19309
1, 8, 4290 5661 5877 7319
1, 8, 4304 11791 14693 15391 18936
1, 8, 4325 8529 10793 18012 18518
1, 8, 4340 4673 7761 12488
1, 8, 4341 6568 15484 18094
1, 8, 4355 7261 14726 17300
1, 8, 4395 8677 10148 11420 13071 13705 18213
1, 8, 4418 11401 15165 16249 18527
1, 8, 443 1621 1677 16959
1, 8, 443 1621 5279 16959
1, 8, 4485 7403 10280 16520 18869
1, 8, 4514 9589 15019 18329
1, 8, 4531 8651 10776 13313
1, 8, 4538 5791 7039 7477 14978 16401 17373 18484
1, 8, 4538 7039 7417 7477 14978
1, 8, 4562 10226 11519 14246
1, 8, 4562 9144 11519 14246
1, 8, 4583 11874 14278 14310
1, 8, 4583 7282 11874 14310
1, 8, 4596 10985 12750 14553
1, 8, 4677 9652 10616 12770
1, 8, 4737 12859 16672 17168
1, 8, 474 6180 16743 17563
1, 8, 475 5040 7807 11233
1, 8, 4757 4774 11228 11388
1, 8, 4758 7639 8219 14960
1, 8, 4758 7639 8219 16765
1, 8, 4779 6405 15722 19573
1, 8, 4828 9416 11764 19277 19397
1, 8, 4886 6518 11732 15521
1, 8, 489 1797 13403 15012
1, 8, 4897 5019 5844 9637 11179 11845 12500 13716 15034
1, 8, 4897 5844 11179 12500 13716 14981 15034
1, 8, 491 4983 8292 10737
1, 8, 4916 5572 7355 7741 8105
1, 8, 4939 16744 17478 17723
1, 8, 4958 11204 11598 15828
1, 8, 4960 6744 9588 18328
1, 8, 500 5532 9743 14634
1, 8, 5073 5208 9470 9925
1, 8, 5086 11447 13806 17640
1, 8, 5090 5591 12780 18840
1, 8, 5090 5591 16059 18840
1, 8, 5125 13009 16594 16627
1, 8, 5126 7138 16381 17530
1, 8, 5137 13626 13742 16169 18464
1, 8, 5208 9470 9925 10472
1, 8, 5276 9264 15482 17618
1, 8, 530 6147 10702 11497 17886
1, 8, 5311 15961 18803 19299
1, 8, 538 7362 10639 11462
1, 8, 538 7362 10639 12178
1, 8, 5394 6340 7754 8016 18927
1, 8, 5395 16091 17263 17483
1, 8, 5401 10666 19123 19243
1, 8, 5437 13544 14656 15872
1, 8, 5450 8153 8422 13846
1, 8, 5500 10430 15467 18628
1, 8, 5500 15467 18628 19437
1, 8, 557 4695 9293 15141
1, 8, 557 5892 10546 12540 15141
1, 8, 557 5892 9293 10546 12540
1, 8, 557 5892 9293 12540 15141
1, 8, 5585 5679 15085 16780 19456
1, 8, 5595 13294 13884 14886 16507
1, 8, 5598 5950 6019 7981 9534
1, 8, 56 2963 6331 8187
1, 8, 5614 11578 11774 12063 12271 14290 17465 17693 17731
1, 8, 5621 6353 7021 18718
1, 8, 5649 8877 13088 13790 17856
1, 8, 5674 7619 12264 12270 12869
1, 8, 5690 6286 7718 13191
1, 8, 5750 8134 8609 11720 13551 18265
1, 8, 578 3081 6681 9624 15758
1, 8, 5791 7039 7477 15796 16401 17373 18484
1, 8, 5798 8131 13669 16055
1, 8, 5803 7188 10164 16285
1, 8, 5810 9182 12200 15595
1, 8, 5900 8153 8422 13846
1, 8, 5926 14197 15380 15913
1, 8, 5974 10086 13544 14656
1, 8, 6027 10195 13885 16727
1, 8, 6033 12126 15225 15845
1, 8, 6076 9404 11011 11013
1, 8, 6082 7507 11191 12165
1, 8, 61 3786 13791 17268
1, 8, 6105 6794 8042 12517 15804
1, 8, 6136 9649 12722 18348
1, 8, 6152 9113 9274 17783 18836
1, 8, 6161 10657 11582 16886
1, 8, 6179 7879 13985 18673
1, 8, 6180 12572 13513 16743 17563
1, 8, 6180 13513 14361 16743 17563
1, 8, 619 3157 8322 14560
1, 8, 621 1906 4441 6766 6904 7009 9873 13814 16340 18496
1, 8, 621 1906 4441 6766 6904 7929 9873 13814 16340 18496
1, 8, 621 1906 4441 6904 7009 9873 11068 12283 18496
1, 8, 621 1906 4441 6904 7009 9873 12283 13814 16340 18496
1, 8, 621 2514 6766 6904 7929 9873 13814 16340 17166 18496
1, 8, 621 2514 6766 7929 9054 9873 13814 16340 17166 18496
1, 8, 621 4441 6766 6904 7929 9873 13814 16340 17166 18496
1, 8, 6237 9866 12386 13144
1, 8, 6256 6851 16302 17446 18259
1, 8, 6259 14011 16782 17444 18552
1, 8, 6280 11633 16703 18770
1, 8, 6280 8484 14952 16703 17961
1, 8, 632 4737 16672 17168
1, 8, 6337 7783 8741 9805 12427 16044 16240 16641 16714 19387
1, 8, 6358 12220 18531 18553
1, 8, 638 2034 5447 12220
1, 8, 6393 8179 8328 19295
1, 8, 644 10728 16343 17873
1, 8, 644 7212 10728 16343
1, 8, 6461 7284 13918 14832
1, 8, 6464 11008 14349 14997
1, 8, 647 10404 13002 16112
1, 8, 651 2134 5596 8946 10103 15504
1, 8, 651 2134 7716 8946 10103 12641 15504 15834
1, 8, 651 2134 7716 8946 12641 15504 15834 16497
1, 8, 6525 12512 12835 14044 17973
1, 8, 6525 9044 12512 12835 17973
1, 8, 6577 7553 11180 11978
1, 8, 6624 8298 11175 18675
1, 8, 6662 9031 10431 12718 19434
1, 8, 6671 9475 10550 13654
1, 8, 6680 11792 14329 18926
1, 8, 6742 9391 12686 14450
1, 8, 6768 10361 11201 17055
1, 8, 6846 11121 11246 12647
1, 8, 685 8835 9827 15110
1, 8, 687 1807 5403 6687
1, 8, 687 1807 6687 16135
1, 8, 6904 7009 9873 13947 18496
1, 8, 6912 7903 10967 13296
1, 8, 6940 16705 18320 19296
1, 8, 7066 7347 12842 16109
1, 8, 712 1908 13311 18789
1, 8, 7142 9076 12542 13738
1, 8, 7165 11115 11442 13715
1, 8, 7168 7764 8291 14593
1, 8, 7185 9658 10752 11154 14569 15306
1, 8, 7220 8284 13230 15401
1, 8, 7249 10156 14445 16616 16699 18844
1, 8, 7249 9707 10156 16616 16699
1, 8, 7249 9707 14445 16616 16699
1, 8, 7249 9707 15521 16699
1, 8, 7282 11874 13118 14310
1, 8, 731 4260 6867 10961
1, 8, 7421 7885 16749 19017
1, 8, 7446 8917 10461 14980 16256 17419
1, 8, 7446 8917 10461 16256 17419 19081
1, 8, 7481 8704 14723 14747 17829
1, 8, 7526 12470 13873 18041 18235
1, 8, 757 2003 2095 3078 5733 13044 14264 16325 16790
1, 8, 757 2095 3078 5733 13044 14124 14264 16325 16790
1, 8, 7589 12598 12899 16356
1, 8, 763 9124 10142 19106
1, 8, 7716 10557 12136 12641 15215 16497
1, 8, 7716 10557 12136 12641 15834 16497
1, 8, 772 6897 10708 12118
1, 8, 7726 11884 12848 16663
1, 8, 7765 10256 10602 12606 15999
1, 8, 7765 9207 10602 12606 15999
1, 8, 7783 9805 12427 13759 16044 16240 16641 16714
1, 8, 782 10847 10969 16731
1, 8, 782 2924 9311 10847
1, 8, 782 2924 9311 14753
1, 8, 7897 10424 13525 14316 18660
1, 8, 7901 10319 12211 14529 16605
1, 8, 7901 9829 10319 10822 12211 14529
1, 8, 7903 8090 10967 11380 13296
1, 8, 7951 13464 13708 16872
1, 8, 7998 15077 15690 15926
1, 8, 8051 9581 12991 13475
1, 8, 8071 10679 11487 18509
1, 8, 8156 8896 13782 15282 18199
1, 8, 817 5411 5469 5976
1, 8, 8179 8328 9373 19295
1, 8, 8203 9471 10005 18515
1, 8, 825 10153 10521 11800 16791 17624 18995
1, 8, 825 10521 11800 14772 16791 17129 17726 18995
1, 8, 825 10521 11800 16791 17624 17726 18995
1, 8, 825 7338 7355 7741 8105
1, 8, 825 7338 7741 8105 11838
1, 8, 825 7741 10521 11800 14772 16791 17129 18995
1, 8, 825 7741 8105 11800
1, 8, 8284 11634 13230 14161
1, 8, 8284 13230 14161 15401
1, 8, 835 1503 8816 15814
1, 8, 8356 12509 13986 15766
1, 8, 837 2694 11361 12557 17472
1, 8, 838 1619 7124 14590 19287
1, 8, 8386 9797 13579 14934 19548
1, 8, 8408 9630 13094 13325
1, 8, 841 1725 4621 14394
1, 8, 841 1725 6381 14394
1, 8, 8484 8538 14952 17024 17961
1, 8, 8529 13541 18012 18518
1, 8, 853 8894 11670 13243
1, 8, 8530 13973 14869 17849
1, 8, 8530 17849 18670 19619
1, 8, 8583 9052 9404 11011 11013
1, 8, 8586 16991 17668 19415
1, 8, 859 3796 5453 7240 13420
1, 8, 8617 8820 10796 11629
1, 8, 8617 8820 11629 18506
1, 8, 8631 9797 13579 14934 19548
1, 8, 8677 10148 11420 13071 13760 18213
1, 8, 8695 13132 13861 14564
1, 8, 8752 9614 12541 14549 19471 19562
1, 8, 8752 9614 12541 16075 19471 19562
1, 8, 8752 9614 15502 16075
1, 8, 877 8786 12288 15596
1, 8, 880 3664 5368 10448
1, 8, 8856 9862 10233 16968
1, 8, 8914 9604 19047 19535
1, 8, 892 1358 8060 19457
1, 8, 892 4690 8060 19457 19543
1, 8, 8923 11354 16015 16376
1, 8, 8941 13361 14255 16367 18140 18602
1, 8, 8941 9191 9390 10130 12759 14255 14286 16367 17537 17607 18602
1, 8, 8941 9191 9390 10130 12759 14255 14286 16367 17537 18140 18602
1, 8, 8941 9390 10130 12759 14255 14286 16367 17537 17607 18602 19513
1, 8, 8941 9390 10130 12759 14286 15314 16367 17537 17607 18602 19513
1, 8, 8941 9390 10130 14255 14286 16367 17537 18140 18602 19513
1, 8, 897 2476 10068 11630
1, 8, 897 4964 11630 12371
1, 8, 9013 10435 10744 13145
1, 8, 903 5273 7466 8972
1, 8, 903 7466 10116 13014
1, 8, 9032 10378 10569 13937 18843
1, 8, 9032 10378 10569 16831
1, 8, 9052 11013 14736 16819
1, 8, 9062 11315 13226 16555 19093
1, 8, 9081 11730 13759 14650 19360
1, 8, 912 4985 5514 7260
1, 8, 9146 15569 17462 18666
1, 8, 9170 9898 11163 12643
1, 8, 9175 13047 15170 18491
1, 8, 9226 10148 13071 13760 18213
1, 8, 9226 13071 16360 18213
1, 8, 9235 13626 16169 18464
1, 8, 9249 16175 18162 18865
1, 8, 9362 12928 17718 19270
1, 8, 9362 12928 19270 19536
1, 8, 9391 12432 12686 14450
1, 8, 95 5532 9743 14634
1, 8, 953 1073 1713 11324
1, 8, 956 6796 14361 19121
1, 8, 9614 10153 14549 17434 17624 19562
1, 8, 9614 12541 14549 17434 19471 19562
1, 8, 962 6596 10732 19021
1, 8, 962 6596 7168 7764 8291
1, 8, 963 2897 15358 15715
1, 8, 9658 10752 11154 12906 14569 15306
1, 8, 9658 10752 11154 14569 15921 17785
1, 8, 97 1640 3211 4394 7351 17230
1, 8, 97 903 5273 7466
1, 8, 97 903 7466 13014
1, 8, 9705 12760 13000 14093 17309
1, 8, 9728 10875 12782 16049
1, 8, 974 4115 4335 5652 17834 18637
1, 8, 974 4115 4335 5652 17916 18637
1, 8, 974 4115 4335 5652 7038 12287 18637
1, 8, 974 4335 5652 7038 8514 17834 18637
1, 8, 979 4335 7038 12287 18637
1, 8, 979 4335 7038 8514 18637
1, 8, 9826 10518 11696 14401 15202 19020
2, 9, 10016 11355 14919 16609
2, 9, 1013 1098 12675 17591 19516
2, 9, 1013 1098 5432 12675 17591
2, 9, 10153 10521 10902 16791 17624 18995
2, 9, 102 7006 8740 14556
2, 9, 10249 13532 16776 18511
2, 9, 10256 12606 13854 15999
2, 9, 1037 9429 9487 10137
2, 9, 10378 10569 13937 16831 18843
2, 9, 10397 10693 15771 19388
2, 9, 1046 10917 13949 19436
2, 9, 1046 2096 10917 19436
2, 9, 105 1644 8359 13539
2, 9, 10521 10902 14130 17624 18995
2, 9, 10521 10902 14130 17726 18995
2, 9, 10521 10902 16791 17624 17726 18995
2, 9, 10531 10557 11643 12136
2, 9, 10557 11643 12136 15215
2, 9, 1059 3272 14434 15363 17046
2, 9, 10697 11451 14865 14966 15411 16000 18662
2, 9, 10847 10969 16623 16731
2, 9, 1088 5661 5877 7319
2, 9, 10902 11509 13746 14130 15502
2, 9, 10902 11509 13746 14130 17726
2, 9, 10917 13949 15157 18422
2, 9, 10935 15145 18104 18343
2, 9, 10949 11899 13120 14848
2, 9, 10949 11899 14848 19271
2, 9, 1098 5432 7746 11940 12675 17591
2, 9, 1099 4202 7338 7355 8105 11797 11838 13110 14168 19769
2, 9, 1099 4202 7338 7355 8105 11838 13110 14168 17544 19769
2, 9, 1101 3885 4066 14622
2, 9, 1108 6671 10550 13654
2, 9, 11123 13792 17619 19748
2, 9, 11179 12500 13148 13716 14981
2, 9, 1122 3202 3855 4136
2, 9, 11235 13884 14886 16507
2, 9, 1128 2201 6070 8151 11385
2, 9, 11295 12300 12369 16778 18176
2, 9, 11297 12712 15162 19032
2, 9, 11301 13462 14170 15737
2, 9, 11319 14221 16846 18903
2, 9, 1132 11616 15652 15685
2, 9, 1141 3803 6776 11738
2, 9, 11578 11774 12063 12271 13513 14290 17465 17693 17731
2, 9, 11578 12063 12271 12572 13513 14290 17465 17693
2, 9, 1162 7613 13796 15888 16344
2, 9, 1175 2613 4505 17662
2, 9, 1175 2613 4505 6834 15761
2, 9, 1175 4505 11264 17662
2, 9, 1187 3525 5281 8667 15606
2, 9, 11874 13677 14278 14717
2, 9, 11891 14365 16487 17888
2, 9, 11898 12992 13948 17804
2, 9, 11898 12992 13948 18719
2, 9, 11900 13560 15138 19504
2, 9, 11913 13751 14873 15597
2, 9, 12141 12621 12796 16192
2, 9, 12172 12305 16382 17404
2, 9, 12172 12305 16382 19499
2, 9, 12172 13508 16382 17404
2, 9, 12321 14757 15048 19210
2, 9, 12369 16778 17067 18176
2, 9, 1252 12206 12285 14020
2, 9, 1261 1498 6997 18680
2, 9, 1261 2058 6997 18680
2, 9, 12796 16192 18416 18796
2, 9, 1286 16726 17943 19072
2, 9, 1288 5305 11101 11337
2, 9, 12928 17718 19270 19651
2, 9, 1296 6524 10187 11088
2, 9, 131 1650 11817 18253
2, 9, 1346 5438 5891 8307
2, 9, 1346 5438 5891 8994 13718
2, 9, 1358 17236 19457 19642
2, 9, 1358 8060 17236 19457
2, 9, 13612 14757 15048 19210
2, 9, 13677 14278 14717 15266
2, 9, 1384 16025 18088 19160
2, 9, 1400 7249 10156 12085 14638 18844
2, 9, 1400 7249 10156 14445 16699 18844
2, 9, 1400 7249 12085 14638 16219
2, 9, 1400 7249 14638 16699 18844
2, 9, 1400 7249 9707 10156 14445 16699
2, 9, 1400 9028 10156 12085 14638 18844
2, 9, 1400 9028 12085 14638 16219 18844
2, 9, 1409 10723 12566 17882
2, 9, 1414 2537 8997 12483 15880 18732 18898 19570
2, 9, 142 1204 2778 9945 18966
2, 9, 142 2778 10922 18966
2, 9, 142 824 1204 2778 9945
2, 9, 142 824 2778 10922
2, 9, 1465 10227 17671 17857
2, 9, 1498 12541 14549 17434 19471
2, 9, 15 4211 7427 7795
2, 9, 1506 2781 4889 6350
2, 9, 1507 7961 8495 9013 13145
2, 9, 1507 9013 10744 13145
2, 9, 1513 4258 8266 19750
2, 9, 1514 4637 14725 17516
2, 9, 15521 17622 18104 18343
2, 9, 1570 2218 2713 3863 6996 13301 19513
2, 9, 1570 2218 3863 6996 13301 15314 17537 19513
2, 9, 1570 2218 6996 13301 15314 17537 17607 19513
2, 9, 1572 7682 9975 14364
2, 9, 1575 7520 9310 11714
2, 9, 1582 7122 9718 17407
2, 9, 1587 2151 2874 18967
2, 9, 1587 2151 2874 7568
2, 9, 15921 16409 17785 18766
2, 9, 1604 3658 10153 10521 17624 18995
2, 9, 1604 3658 10153 17434
2, 9, 1610 12560 14165 18344
2, 9, 1610 5026 12560 14165
2, 9, 1615 6814 14381 19694
2, 9, 1636 11007 11352 12943 13569 18813
2, 9, 1640 2245 3211 4394 7351 10458 17230
2, 9, 1640 2245 4394 7351 9698 17230
2, 9, 1640 2245 7351 9698 10458 17230
2, 9, 1640 2245 7351 9698 15194 17230
2, 9, 1646 5936 6364 7062 11050 12245
2, 9, 1646 6364 7062 11050 12245 13504
2, 9, 1646 6364 7062 12245 13269 13504
2, 9, 167 881 3462 4608 9173
2, 9, 1691 2862 5801 6031 18817
2, 9, 1691 2862 5801 9891 18817
2, 9, 1691 2862 6031 14491
2, 9, 1691 5801 6031 14491
2, 9, 1696 5381 6563 16706
2, 9, 1702 3499 15184 16409 18766
2, 9, 17051 17264 18014 18720
2, 9, 1765 2798 10697 14966
2, 9, 1765 2798 7227 10697
2, 9, 1765 7227 10697 14865 14966 16000
2, 9, 17849 18670 18881 19619
2, 9, 1807 5403 6687 16929
2, 9, 1809 10935 15145 16690
2, 9, 1827 15529 15642 16060 16066
2, 9, 1831 2271 16704 18790
2, 9, 1846 5198 6332 7208 17275
2, 9, 1851 4105 10883 11131 19624
2, 9, 1851 4105 10883 17744 18354
2, 9, 1851 4105 10883 18354 19624
2, 9, 1863 7790 11969 16978
2, 9, 189 4116 14294 18001
2, 9, 189 9787 14294 18001
2, 9, 1890 4315 6414 12845 13016
2, 9, 1906 4441 6904 7009 7415 11068 12283
2, 9, 1906 4441 6904 7009 7415 9873 11068
2, 9, 1906 4441 6904 7009 9873 11068 12283 18496
2, 9, 1907 5500 15467 18628
2, 9, 1907 5500 18628 19437
2, 9, 1952 8786 12288 13951
2, 9, 1967 5803 7188 10164
2, 9, 1967 5803 7188 10312
2, 9, 1967 7188 10164 16285
2, 9, 1967 7188 10312 16285
2, 9, 1985 2531 4739 12334
2, 9, 2003 2095 3020 3078 5733 13044 14124 14264 16325 16790
2, 9, 2003 3020 3078 3215 5434 5733 10475 13044 14188 14264 16325 16790
2, 9, 2003 3020 3078 5733 10475 13044 14124 14188 14264 16325 16790
2, 9, 2003 3078 3215 5434 5733 10475 14124 14188 14264 16325 16790
2, 9, 2003 3078 5434 5733 10475 13044 14124 14188 14264 16325 16790
2, 9, 2003 3215 5434 14188 16325 16790 16849
2, 9, 2031 7526 12470 13302 13873 18041
2, 9, 2037 3567 4308 6774 9830 15573
2, 9, 2037 4308 6774 12965 15573
2, 9, 2069 7288 10553 13112 13493
2, 9, 2083 8301 16126 19479
2, 9, 2087 2450 3749 5424
2, 9, 2109 10499 12680 14335
2, 9, 2109 5612 10499 14335
2, 9, 2109 6736 10499 14335 17191
2, 9, 2115 3899 7717 16179 16310
2, 9, 2116 11030 13025 15656
2, 9, 2116 11030 15656 16903
2, 9, 2122 2224 6153 11492 13909
2, 9, 2127 2579 3158 12868 13537 14404
2, 9, 2127 2579 3158 4574 5032 6691 7530 12197
2, 9, 2127 2579 3158 5032 6691 12197 12868 13537
2, 9, 2127 2579 3512 12868 13537 14404
2, 9, 2127 2579 8014 12197 12868
2, 9, 2127 3158 12197 13537 16724
2, 9, 2127 3158 12868 13537 14404 16724
2, 9, 2127 3158 13537 16724 19421
2, 9, 2127 3158 4574 5032 5437 6691 7530 12197
2, 9, 2127 3158 4574 5032 6691 7530 12197 19421
2, 9, 2127 3158 5032 12197 13537 19421
2, 9, 2127 3512 6337 12868 13537 14404 16724
2, 9, 2134 4583 5596 8946 10103
2, 9, 2139 16778 17067 18176 19085
2, 9, 2139 4916 18176 19085
2, 9, 2139 4916 5572 19085
2, 9, 2139 4916 5572 7355
2, 9, 2186 4786 6153 14111
2, 9, 2192 6833 10316 10456
2, 9, 2194 9494 10203 17763
2, 9, 2196 2307 4172 4313
2, 9, 2218 6996 10130 15314 17537 17607 19513
2, 9, 2218 9390 10130 12759 14286 15314 16367 17537 17607 18602 19513
2, 9, 2222 3555 16883 19349
2, 9, 223 3015 3796 10599 13420
2, 9, 2243 11076 15291 15765
2, 9, 226 841 4621 4985
2, 9, 226 841 4985 5514
2, 9, 226 912 4985 5514
2, 9, 2272 6498 9707 16616
2, 9, 2272 6498 9707 17622
2, 9, 2272 9707 14445 16616
2, 9, 2272 9707 16616 16699
2, 9, 2274 8042 12517 15804
2, 9, 2294 3688 7847 8184 8658 12916
2, 9, 2294 3688 7847 8184 8658 13077
2, 9, 2294 3688 7847 8184 8658 19739
2, 9, 2294 3688 7847 8658 12916 19739
2, 9, 2307 4172 4313 6874 10409
2, 9, 2315 3054 4404 4676 12378 17337
2, 9, 2315 3054 4404 4676 5418 12378
2, 9, 2318 4930 7358 13450
2, 9, 2360 7901 9829 10822 17039
2, 9, 2402 4733 6083 6717
2, 9, 2404 2868 6172 13170 14522
2, 9, 2431 7051 8468 14248
2, 9, 2470 6082 7507 10255 11191
2, 9, 2470 6082 7507 8590 11191
2, 9, 2470 7507 8590 10255 11191
2, 9, 2478 7051 8468 15725
2, 9, 2486 5041 13051 16287
2, 9, 2510 5395 16091 16881
2, 9, 2514 2634 8895 9054 14220
2, 9, 2514 6766 7929 8895 9054 13814 17166
2, 9, 2532 8831 11123 19063
2, 9, 2540 2899 6864 8444
2, 9, 2546 4470 14489 16514
2, 9, 2546 4470 15316 16514
2, 9, 2579 3512 6337 12427 12868 13537 14404
2, 9, 268 3620 5750 6703 11720 16463 18265
2, 9, 268 3620 5750 6703 8219 16463 16765
2, 9, 268 3620 5750 6703 8219 16463 18265
2, 9, 2723 11726 13973 14869 15762
2, 9, 2723 8530 13973 14869
2, 9, 2740 4325 10793 18012 18518
2, 9, 2740 4325 8529 18012 18518
2, 9, 2783 3215 5434 7783 8741 9805 15033 16240 16641 16714 16849 19387
2, 9, 2783 3215 5434 8741 9805 10475 14188 15033 16240 16641 16849 19387
2, 9, 2783 3215 5434 8741 9805 14188 16240 16641 16714 19387
2, 9, 2783 7783 8741 9081 9805 13759 15033 16240 16641 16849 19387
2, 9, 2783 7783 8741 9805 13759 15033 16240 16641 16714 16849 19387
2, 9, 2783 7783 8741 9805 15033 16044 16240 16641 16714 19387
2, 9, 2783 8741 9081 9805 13759 14650 15033 16240 16641 16849 19387
2, 9, 2783 9081 13759 14650 15033 19360 19387
2, 9, 2787 12179 13228 14254
2, 9, 2787 8223 13228 14254
2, 9, 2798 2861 3422 7227 12137
2, 9, 2840 3514 13069 17893
2, 9, 2843 4977 5709 14773
2, 9, 2843 4977 5709 15702 15974
2, 9, 2861 3422 12137 17672
2, 9, 2862 5801 9891 15917 18817
2, 9, 2878 15701 17669 18179
2, 9, 2908 5463 8395 11253 15262
2, 9, 2940 5621 6353 7021 18718
2, 9, 2948 5240 6554 15769 17094
2, 9, 297 1765 10697 11451 14865 14966 15411 16000
2, 9, 297 1765 2122 2224 11451 12178 13909
2, 9, 297 1765 2122 2224 11451 13909 14865 14966 15411
2, 9, 297 1765 2122 2224 11451 14865 14966 15411 16000
2, 9, 297 2122 11451 13909 14865 15411 18662
2, 9, 297 2122 11451 14865 14966 15411 16000 18662
2, 9, 297 2122 2224 11451 13909 15411 18662
2, 9, 297 2122 2224 11492 12178 13909
2, 9, 3015 3796 5453 10599 13420
2, 9, 3015 3796 5453 7240 13420
2, 9, 3054 3962 4404 4676 12378 17337
2, 9, 3058 7544 9249 18865
2, 9, 3062 13551 15908 18028
2, 9, 3062 3216 15908 18028
2, 9, 3094 5045 7773 10680 15290
2, 9, 3144 10912 13020 19036
2, 9, 3191 3962 4404 4676 9435 12378
2, 9, 3201 5475 7515 17700
2, 9, 3215 5434 10475 14188 16325 16790 16849
2, 9, 3215 5434 7783 8741 9805 10475 14188 16240 16641 16714 19387
2, 9, 3215 7783 9805 16044 16240 16641 16714
2, 9, 322 1282 2881 11471
2, 9, 3223 4684 6525 12512 12835 14044
2, 9, 3275 7220 15401 15770 18612
2, 9, 3275 7220 8284 15401 18612
2, 9, 3288 4424 6155 11662 18912
2, 9, 329 1099 3640 4202 7338 8105 11797 11838 13110 14168 17544 19769
2, 9, 329 1099 3640 4202 7338 9416 11797 11838 13110 14168 17544 19769
2, 9, 329 1099 3640 4202 9416 11797 11838 13110 14168 17544 19277 19397 19769
2, 9, 329 1604 3640 3658 4202 7338 11764 17544
2, 9, 329 1604 3640 3658 4202 7338 8105 17544
2, 9, 329 1604 3640 3658 4202 9416 11764 17544
2, 9, 329 1604 3640 4202 7338 8105 9416 11838 14168 17544
2, 9, 329 1604 3640 4202 7338 9416 11764 11838 14168 17544
2, 9, 329 3640 4202 7338 8105 9416 11838 13110 14168 17544 19769
2, 9, 329 3640 4202 9416 11764 11838 14168 17544 19277 19397 19769
2, 9, 337 1824 3518 3781 4701 14679 15329
2, 9, 3403 17633 19261 19316
2, 9, 3417 10794 17542 18746
2, 9, 342 1488 3366 3473 5548 18648
2, 9, 347 3509 16797 18465
2, 9, 3495 4627 8885 11039 16655
2, 9, 3506 10834 16588 17855
2, 9, 3506 15056 16588 17855
2, 9, 3512 6337 12427 12868 13537 14404 16044 16724
2, 9, 3512 6337 7783 12427 13537 14404 16044 16714 16724
2, 9, 3512 6337 7783 12427 13759 16044 16240 16641 16714
2, 9, 3512 6337 7783 12427 14404 16044 16240 16641 16714
2, 9, 3512 6337 7783 9805 12427 16044 16240 16641 16714
2, 9, 3513 3720 10591 17908 18311
2, 9, 3514 13069 17893 18336
2, 9, 3521 4132 5997 9468
2, 9, 3521 4132 8214 9468
2, 9, 3543 4697 5140 10328
2, 9, 3620 5750 6703 8134 8219 16463 16765 18063 18265
2, 9, 3620 5750 6703 8134 8609 11720 16463 18265
2, 9, 3620 5750 6703 8134 8609 16463 16765 18063 18265
2, 9, 3620 5750 8134 8219 8609 16463 16765 18063 18265
2, 9, 3620 7639 8219 16463 16765 18063
2, 9, 3622 10518 14401 19020
2, 9, 3638 6257 9497 12342 14227
2, 9, 3658 10153 14549 17434 17624 19562
2, 9, 3675 4656 10501 10984
2, 9, 3688 7847 8658 12916 15638 19739
2, 9, 3713 3763 5103 11561
2, 9, 3726 9997 10065 13931
2, 9, 374 5581 7428 7492
2, 9, 3780 6044 6574 8271
2, 9, 3780 6044 7495 16769
2, 9, 3780 6044 7495 8271
2, 9, 3782 10131 12406 13072
2, 9, 3819 7740 9528 11158
2, 9, 3866 8688 11523 16766
2, 9, 387 2783 3215 8741 9805 15033 16641 16849 19387
2, 9, 387 2783 8741 9081 9805 13759 14650 15033 16849 19387
2, 9, 387 2783 8741 9081 9805 14650 15033 16240 16641 16849 19387
2, 9, 387 4159 4751 9081 11730 14650
2, 9, 3904 6624 8298 10275 18675
2, 9, 3926 5355 5671 6711 14599 17327 18049
2, 9, 3926 5355 5876 14599 17327 18049
2, 9, 3932 7455 7854 15853 16104
2, 9, 3966 11127 13312 14612
2, 9, 3989 4437 9006 13974
2, 9, 3989 9006 9311 14753
2, 9, 4006 4662 6767 8687
2, 9, 4034 4923 5694 10120 14403 18168
2, 9, 407 490 1247 19203
2, 9, 4071 7308 8770 9660
2, 9, 410 3145 6914 17173
2, 9, 4115 5652 17916 19807
2, 9, 4116 12083 14796 18001
2, 9, 4153 10421 13712 16403
2, 9, 4159 9081 11730 13759 14650
2, 9, 4202 5572 7338 7355 7741 8105 11838 14168
2, 9, 4202 7338 7355 7741 8105 11838 14168 17544
2, 9, 4232 4481 11624 19101
2, 9, 4268 4563 9897 11112 13891 19309
2, 9, 4290 5661 5877 7319
2, 9, 4304 11791 14693 15391
2, 9, 4325 8529 10793 18012 18518
2, 9, 4340 4673 7761 12488
2, 9, 4341 6568 15484 18094
2, 9, 4355 7261 14726 17300
2, 9, 4395 8677 10148 11420 13071 13705 18213
2, 9, 4418 11401 15165 16249 18527
2, 9, 443 1621 1677 16959
2, 9, 443 1621 5279 16959
2, 9, 4485 7403 10280 16520 18869
2, 9, 4485 7403 14532 16520
2, 9, 4514 9589 15019 18329
2, 9, 4531 8651 10776 13313
2, 9, 4538 5791 7039 7477 14978 16401 17373 18484
2, 9, 4538 7039 7417 7477 14978
2, 9, 4562 10226 11519 14246
2, 9, 4562 9144 11519 14246
2, 9, 4583 11874 14278 14310
2, 9, 4583 7282 11874 14310
2, 9, 4596 10985 12750 14553
2, 9, 4677 9652 10616 12770
2, 9, 4737 12859 16672 17168
2, 9, 474 6180 16743 17563
2, 9, 475 5040 7807 11233
2, 9, 4757 4774 11228 11388
2, 9, 4758 7639 8219 14960
2, 9, 4758 7639 8219 16765
2, 9, 4779 6405 15722 19573
2, 9, 4786 6153 11492 13909
2, 9, 4786 6153 13909 14111
2, 9, 4828 9416 11764 19277 19397
2, 9, 4886 15521 18104 18343
2, 9, 489 1797 13403 15012
2, 9, 4897 5019 5844 9637 11179 11845 12500 13716 15034
2, 9, 4897 5844 11179 12500 13716 14981 15034
2, 9, 4916 5572 7355 7741
2, 9, 4939 16744 17478 17723
2, 9, 4960 6744 9588 18328
2, 9, 500 5532 9743 14634
2, 9, 5073 5208 9470 9925
2, 9, 5090 5591 12780 18840
2, 9, 5090 5591 16059 18840
2, 9, 5125 13009 16594 16627
2, 9, 5126 7138 16381 17530
2, 9, 5137 13626 13742 16169 18464
2, 9, 5137 9235 16169 18464
2, 9, 5208 9470 9925 10472
2, 9, 5276 9264 15482 17618
2, 9, 530 6147 10702 11497 17886
2, 9, 5311 15961 18803 19299
2, 9, 538 7362 10639 11462 12178
2, 9, 5394 6340 7754 8016 18927
2, 9, 5395 16091 17263 17483
2, 9, 5401 10666 19123 19243
2, 9, 5437 13544 14656 15872
2, 9, 5437 14656 15601 15872
2, 9, 5450 8153 8422 13846
2, 9, 5500 10430 15467 18628
2, 9, 5500 15467 18628 19437
2, 9, 557 4695 9293 15141
2, 9, 557 5892 10546 12540 15141
2, 9, 557 5892 9293 12540 15141
2, 9, 5585 5679 15085 16780 19456
2, 9, 5595 13294 13884 14886 16507
2, 9, 5598 5950 6019 7981 9534
2, 9, 56 2963 6331 8187
2, 9, 5614 11578 11774 12063 12271 14290 17465 17693 17731
2, 9, 5619 8356 12509 19477
2, 9, 5649 8877 13088 13790 17856
2, 9, 5674 7619 12264 12270 12869
2, 9, 5690 6286 7718 13191
2, 9, 5750 8134 8609 11720 13551 18265
2, 9, 578 3081 6681 9624 15758
2, 9, 5791 7039 7477 15796 16401 17373 18484
2, 9, 5798 8131 13669 16055
2, 9, 5803 7188 10164 16285
2, 9, 5810 9182 12200 15595
2, 9, 5900 8153 8422 13846
2, 9, 5926 14197 15380 15913
2, 9, 5974 10086 13544 14656
2, 9, 5974 13544 14656 15872
2, 9, 6020 9734 9902 13800
2, 9, 6027 10195 13885 16727
2, 9, 6033 12126 15225 15845
2, 9, 6076 9404 11011 11013
2, 9, 6082 7507 11191 12165
2, 9, 6105 6794 8042 12517 15804
2, 9, 6136 9649 12722 18348
2, 9, 6152 9113 9274 17783 18836
2, 9, 6161 10657 11582 16886
2, 9, 6179 7879 13985 18673
2, 9, 6180 12572 13513 16743 17563
2, 9, 6180 13513 14361 16743 17563
2, 9, 619 3157 8322 14560
2, 9, 621 1906 4441 6766 6904 7009 9873 13814 16340 18496
2, 9, 621 1906 4441 6766 6904 7929 9873 13814 16340 18496
2, 9, 621 1906 4441 6904 7009 9873 12283 13814 16340 18496
2, 9, 621 1906 4441 6904 7415 9873
2, 9, 621 2514 6766 6904 7929 9873 13814 16340 17166 18496
2, 9, 621 2514 6766 7929 9054 9873 13814 16340 17166 18496
2, 9, 621 4441 6766 6904 7929 9873 13814 16340 17166 18496
2, 9, 6237 9866 12386 13144
2, 9, 6256 6851 16302 17446 18259
2, 9, 6259 14011 16782 17444 18552
2, 9, 6280 11633 16703 18770
2, 9, 6280 14952 16703 17961
2, 9, 6280 8484 14952 17961
2, 9, 632 4737 16672 17168
2, 9, 6337 7783 8741 9805 12427 16044 16240 16641 16714
2, 9, 6358 12220 18531 18553
2, 9, 638 2034 5447 12220
2, 9, 6393 8179 8328 19295
2, 9, 6414 7489 12845 13016
2, 9, 644 10728 16343 17873
2, 9, 644 7212 10728 16343
2, 9, 6461 7284 13918 14832
2, 9, 6464 11008 14349 14997
2, 9, 647 10404 13002 16112
2, 9, 651 2134 5596 8946 10103 15504
2, 9, 651 2134 7716 8946 10103 12641 15504 15834
2, 9, 651 2134 7716 8946 12641 15504 15834 16497
2, 9, 6525 12512 12835 14044 17973
2, 9, 6525 9044 12512 12835 17973
2, 9, 6577 7553 11180 11978
2, 9, 6624 8298 11175 18675
2, 9, 6662 9031 10431 12718 19434
2, 9, 6671 9475 10550 13654
2, 9, 6680 11792 14329 18926
2, 9, 6742 9391 12432 12686
2, 9, 6742 9391 12686 14450
2, 9, 6768 10361 11201 17055
2, 9, 6846 11121 11246 12647
2, 9, 685 8835 9827 15110
2, 9, 687 1807 5403 6687
2, 9, 687 1807 6687 16135
2, 9, 6912 7903 10967 13296
2, 9, 6940 16705 18320 19296
2, 9, 7066 7347 12842 16109
2, 9, 712 1908 13311 18789
2, 9, 7142 9076 12542 13738
2, 9, 7165 11115 11442 13715
2, 9, 7168 7764 8291 14593
2, 9, 7185 9658 10752 11154 14569 15306
2, 9, 7220 8284 15401 15770 18612
2, 9, 7249 10156 14445 16616 16699 18844
2, 9, 7249 9707 10156 14445 16616 16699
2, 9, 7282 11874 13118 14310
2, 9, 731 4260 6867 10961
2, 9, 7421 7885 16749 19017
2, 9, 7446 8917 10461 14980 16256 17419
2, 9, 7446 8917 10461 16256 17419 19081
2, 9, 7481 8704 14723 14747 17829
2, 9, 7526 12470 13873 18041 18235
2, 9, 757 2003 2095 3078 5733 13044 14124 14264 16325 16790
2, 9, 7589 12598 12899 16356
2, 9, 763 9124 10142 19106
2, 9, 7716 10557 12136 12641 15215 16497
2, 9, 7716 10557 12136 12641 15834 16497
2, 9, 772 6897 10708 12118
2, 9, 7726 11884 12848 16663
2, 9, 7765 10256 10602 12606 15999
2, 9, 7765 9207 10602 12606 15999
2, 9, 7783 8741 9805 12427 16044 16240 16641 16714 19387
2, 9, 7783 9805 13759 16044 16240 16641 16714 19387
2, 9, 782 10847 10969 16731
2, 9, 782 2924 9311 10847
2, 9, 782 2924 9311 14753
2, 9, 7897 10424 13525 14316 18660
2, 9, 7901 10319 12211 14529 16605
2, 9, 7901 9829 10319 10822 12211 14529
2, 9, 7903 8090 10967 11380 13296
2, 9, 7951 13464 13708 16872
2, 9, 7998 15077 15690 15926
2, 9, 8051 9581 12991 13475
2, 9, 8071 10679 11487 18509
2, 9, 8156 8896 13782 15282 18199
2, 9, 817 5411 5469 5976
2, 9, 8179 8328 9373 19295
2, 9, 8203 9471 10005 18515
2, 9, 825 10153 10521 11800 16791 17624 18995
2, 9, 825 10521 11800 14772 16791 17129 17726 18995
2, 9, 825 3658 10153 10521 17624 18995
2, 9, 825 7338 7355 7741 8105 11838
2, 9, 825 7741 10521 11800 14772 16791 17129 18995
2, 9, 825 7741 8105 11800
2, 9, 8284 11634 13230 14161
2, 9, 8284 13230 14161 15401
2, 9, 835 1503 8816 15814
2, 9, 8356 12509 13986 15766
2, 9, 837 2694 11361 12557 17472
2, 9, 838 1619 7124 14590 19287
2, 9, 8386 9797 13579 14934 19548
2, 9, 8408 9630 13094 13325
2, 9, 841 1725 4621 14394
2, 9, 841 1725 6381 14394
2, 9, 8484 8538 14952 17024 17961
2, 9, 8529 13541 18012 18518
2, 9, 853 8894 11670 13243
2, 9, 8530 13973 14869 17849
2, 9, 8530 17849 18670 19619
2, 9, 8583 9052 9404 11011 11013
2, 9, 8586 16991 17668 19415
2, 9, 859 3796 5453 7240
2, 9, 8617 8820 10796 11629
2, 9, 8617 8820 11629 18506
2, 9, 8631 9797 13579 14934 19548
2, 9, 8677 10148 11420 13071 13760 18213
2, 9, 8677 10148 11420 13705 13760
2, 9, 8695 13132 13861 14564
2, 9, 8752 10902 14130 15502
2, 9, 8752 9614 12541 14549 16075 19471 19562
2, 9, 8752 9614 15502 16075
2, 9, 877 8786 12288 15596
2, 9, 880 3664 5368 10448
2, 9, 8856 9862 10233 16968
2, 9, 8914 9604 19047 19535
2, 9, 892 1358 8060 19457
2, 9, 892 4690 8060 19457 19543
2, 9, 8923 11354 16015 16282
2, 9, 8923 11354 16015 16376
2, 9, 8941 13361 14255 14286 16367 18140 18602
2, 9, 8941 9191 9390 10130 12759 14255 14286 16367 17537 17607 18602
2, 9, 8941 9191 9390 10130 12759 14255 14286 16367 17537 18140 18602
2, 9, 8941 9390 10130 12759 14255 14286 16367 17537 17607 18602 19513
2, 9, 8941 9390 10130 14255 14286 16367 17537 18140 18602 19513
2, 9, 897 2476 10068 11630
2, 9, 897 4964 11630 12371
2, 9, 9013 10435 10744 13145
2, 9, 903 5273 7466 8972
2, 9, 903 7466 10116 13014
2, 9, 9032 10378 10569 13937 18843
2, 9, 9032 10378 10569 16831
2, 9, 9052 11013 14736 16819
2, 9, 9062 11315 13226 16555 19093
2, 9, 9081 11730 13759 14650 15033
2, 9, 9081 11730 13759 14650 19360
2, 9, 912 4985 5514 7260
2, 9, 9146 15569 17462 18666
2, 9, 9170 9898 11163 12643
2, 9, 9226 10148 13071 13760 18213
2, 9, 9226 13071 16360 18213
2, 9, 9235 13626 16169 18464
2, 9, 9249 16175 18162 18865
2, 9, 9362 12928 17718 19270
2, 9, 9362 12928 19270 19536
2, 9, 9391 12432 12686 14450
2, 9, 95 5532 9743 14634
2, 9, 953 1073 1713 11324
2, 9, 956 6796 14361 19121
2, 9, 9614 10153 14549 17624 19562
2, 9, 9614 12541 14549 17434 19471 19562
2, 9, 9614 14549 17434 17624 19562
2, 9, 962 6596 10732 19021
2, 9, 962 6596 7168 7764 8291
2, 9, 963 2897 15358 15715
2, 9, 9658 10752 11154 12906 14569 15306
2, 9, 9658 10752 11154 14569 15921 17785
2, 9, 97 1640 3211 4394 7351
2, 9, 97 903 5273 7466
2, 9, 97 903 7466 13014
2, 9, 9705 12760 13000 14093
2, 9, 9705 12760 14093 17309
2, 9, 9728 10875 12782 16049
2, 9, 974 4115 4335 5652 17834 18637
2, 9, 974 4115 4335 5652 17916 18637
2, 9, 974 4115 4335 5652 7038 12287 18637
2, 9, 974 4335 5652 7038 8514 17834 18637
2, 9, 974 979 4335 7038 12287 18637
2, 9, 979 4335 7038 8514 18637
2, 9, 9826 10518 11696 14401 15202 19020
3, 10, 10016 11355 14919 16609
3, 10, 1013 1098 12675 17591 19516
3, 10, 1013 1098 5432 12675 17591
3, 10, 10153 10521 10902 16791 17624 18995
3, 10, 102 7006 8740 14556
3, 10, 10249 13532 16776 18511
3, 10, 10256 12606 13854 15999
3, 10, 1037 9429 9487 10137
3, 10, 10378 10569 13937 16831 18843
3, 10, 10397 10693 15771 19388
3, 10, 1046 10917 13949 19436
3, 10, 1046 2096 10917 19436
3, 10, 105 1644 8359 13539
3, 10, 10521 10902 14130 17624
3, 10, 10521 10902 14130 17726 18995
3, 10, 10521 10902 16791 17726 18995
3, 10, 10531 10557 11643 12136
3, 10, 10557 11643 12136 15215
3, 10, 1059 3272 14434 15363 17046
3, 10, 10697 11451 14865 14966 15411 16000 18662
3, 10, 10769 12471 14602 19909
3, 10, 10847 10969 16623 16731
3, 10, 1088 5661 5877 7319
3, 10, 10902 11509 13746 14130 15502
3, 10, 10902 11509 13746 14130 17726
3, 10, 10917 13949 15157 18422
3, 10, 10935 15145 18104 18343
3, 10, 10949 11899 13120 14848
3, 10, 10949 11899 14848 19271
3, 10, 1098 5432 7746 11940 12675 17591
3, 10, 1099 4202 7338 7355 11797 11838 13110 14168 19769
3, 10, 1099 4202 7338 7355 8105 11838 13110 14168 19769
3, 10, 1099 4202 7338 7355 8105 11838 14168 17544 19769
3, 10, 1101 3885 4066 14622
3, 10, 1108 6671 10550 13654
3, 10, 11123 13792 17619 19748
3, 10, 11179 12500 13148 13716 14981
3, 10, 1122 3202 3855 4136
3, 10, 11235 13884 14886 16507
3, 10, 1128 2201 6070 8151 11385
3, 10, 11295 12300 12369 16778 18176
3, 10, 11297 12712 15162 19032
3, 10, 11301 13462 14170 15737
3, 10, 11315 13226 16555 19093
3, 10, 11319 14221 16846 18903
3, 10, 1132 11616 15652 15685
3, 10, 1141 3803 6776 11738
3, 10, 11578 11774 12063 12271 12572 13513 14290 17465 17693
3, 10, 11578 11774 12063 12271 13513 14290 17465 17693 17731
3, 10, 11582 15013 18327 19933
3, 10, 1162 7613 13796 15888 16344
3, 10, 1175 2613 4505 17662
3, 10, 1175 2613 4505 6834 15761
3, 10, 1175 4505 11264 17662
3, 10, 1187 3525 5281 8667 15606
3, 10, 11874 13677 14278 14717
3, 10, 11898 12992 13948 17804 18719
3, 10, 11900 13560 15138 19504
3, 10, 12141 12621 12796 16192
3, 10, 12172 12305 16382 17404
3, 10, 12172 12305 16382 19499
3, 10, 12172 13508 16382 17404
3, 10, 12321 14757 15048 19210
3, 10, 12369 16778 17067 18176
3, 10, 1252 12206 12285 14020
3, 10, 1261 1498 6997 18680
3, 10, 1261 2058 6997 18680
3, 10, 12796 16192 18416 18796
3, 10, 1286 16726 17943 19072
3, 10, 1288 5305 11101 11337
3, 10, 12928 17718 19270 19651
3, 10, 1296 6524 10187 11088
3, 10, 131 1650 11817 18253
3, 10, 13294 13884 14886 16507
3, 10, 1346 5438 5891 8307
3, 10, 1346 5438 5891 8994 13718
3, 10, 1346 5438 8994 13718 19892
3, 10, 1358 17236 19457 19642
3, 10, 1358 8060 17236 19457
3, 10, 13612 14757 15048 19210
3, 10, 13677 14278 14717 15266
3, 10, 1384 16025 18088 19160
3, 10, 1400 7249 10156 12085 14638 18844
3, 10, 1400 7249 12085 14638 16219
3, 10, 1400 7249 14638 16699 18844
3, 10, 1400 7249 9707 10156 14445 16699 18844
3, 10, 1400 9028 10156 12085 14638 18844
3, 10, 1400 9028 12085 14638 16219 18844
3, 10, 1409 10723 12566 17882
3, 10, 1414 2537 8997 12483 15880 18732 18898 19570
3, 10, 142 1204 2778 10922 18966
3, 10, 142 1204 2778 9945 18966
3, 10, 142 5627 10922 18966
3, 10, 142 824 1204 2778 10922
3, 10, 142 824 1204 2778 9945
3, 10, 1465 10227 17671 17857
3, 10, 1498 12541 14549 17434 19471
3, 10, 15 4211 7427 7795
3, 10, 1506 2781 4889 6350
3, 10, 1507 7961 8495 9013 13145
3, 10, 1507 7961 9013 10744 13145
3, 10, 1513 4258 8266 19750
3, 10, 1514 4637 14725 17516
3, 10, 15521 17622 18104 18343
3, 10, 1570 2218 2713 3863 6996 13301 19513
3, 10, 1570 2218 3863 6996 13301 15314 17537 19513
3, 10, 1570 2218 6996 13301 15314 17537 17607 19513
3, 10, 1572 7682 9975 14364
3, 10, 1575 7520 9310 11714
3, 10, 1582 7122 9718 17407
3, 10, 1587 2151 2874 18967
3, 10, 15921 16409 17785 18766
3, 10, 1604 3640 3658 10153
3, 10, 1604 3658 10153 10521 17624 18995
3, 10, 1604 3658 10153 11764
3, 10, 1604 3658 10153 17434
3, 10, 1604 3658 11764 17434
3, 10, 1610 12560 14165 18344
3, 10, 1610 5026 12560 14165
3, 10, 1615 6814 14381 19694
3, 10, 1636 11007 11352 12943 13569 18813
3, 10, 1640 2245 3211 4394 7351 17230
3, 10, 1640 2245 3211 7351 10458 17230
3, 10, 1640 2245 4394 7351 9698 17230
3, 10, 1640 2245 7351 9698 15194 17230
3, 10, 1640 2245 9698 10458 17230
3, 10, 1646 5936 6364 7062 11050 12245
3, 10, 1646 6364 7062 11050 12245 13504
3, 10, 1646 6364 7062 12245 13269 13504
3, 10, 167 881 3462 4608 9173
3, 10, 1691 2862 5801 6031 9891 18817
3, 10, 1691 2862 6031 14491
3, 10, 1691 5801 6031 14491
3, 10, 1696 5381 6563 16706
3, 10, 1702 3499 15184 16409 18766
3, 10, 17051 17264 18014 18720
3, 10, 1765 2798 10697 14966
3, 10, 1765 2798 7227 10697
3, 10, 1765 7227 10697 14865 14966
3, 10, 1807 5403 6687 16929
3, 10, 1809 10935 15145 16690
3, 10, 1827 15529 15642 16060 16066
3, 10, 1831 2271 16704 18790
3, 10, 1846 5198 6332 7208 17275
3, 10, 1851 4105 10883 11131 19624
3, 10, 1851 4105 10883 17744 18354
3, 10, 1851 4105 10883 18354 19624
3, 10, 1863 7790 11969 16978
3, 10, 189 4116 14294 18001
3, 10, 189 9787 14294 18001
3, 10, 1890 4315 6414 12845 13016
3, 10, 1906 4441 6904 7009 7415 9873 11068 12283
3, 10, 1906 4441 6904 7009 7415 9873 11068 18496
3, 10, 1906 4441 6904 7009 9873 11068 12283 16340 18496
3, 10, 1907 5500 15467 18628
3, 10, 1907 5500 18628 19437
3, 10, 1952 8786 12288 13951
3, 10, 1967 5803 7188 10164
3, 10, 1967 7188 10164 16285
3, 10, 1967 7188 10312 16285
3, 10, 1985 2531 4739 12334
3, 10, 2003 2095 3078 5733 10475 13044 14124 14264 16325 16790 19895
3, 10, 2003 3020 3078 3215 5434 5733 10475 13044 14188 14264 16325 16790 19895
3, 10, 2003 3020 3078 5434 5733 10475 13044 14124 14188 14264 16325 16790 19895
3, 10, 2003 3078 3215 5434 5733 10475 13044 14124 14188 14264 16325 16790 19895
3, 10, 2003 3215 5434 10475 14188 16325 16790 16849
3, 10, 2031 7526 12470 13302 13873 18041
3, 10, 2037 3567 4308 6774 9830 15573
3, 10, 2037 4308 6774 12965 15573
3, 10, 2069 7288 10553 13112 13493
3, 10, 2083 8301 16126 19479
3, 10, 2087 2450 3749 5424
3, 10, 2109 10499 12680 14335
3, 10, 2109 5612 10499 14335
3, 10, 2109 6736 10499 14335 17191
3, 10, 2115 3899 7717 16179 16310
3, 10, 2116 11030 13025 15656
3, 10, 2116 11030 15656 16903
3, 10, 2122 2224 6153 13909
3, 10, 2126 7044 12951 13776
3, 10, 2127 2579 3158 12868 13537 14404
3, 10, 2127 2579 3158 4574 5032 6691 7530 12197
3, 10, 2127 2579 3158 5032 12197 12868 13537
3, 10, 2127 2579 3158 5032 6691 12197 12868
3, 10, 2127 2579 3158 5032 6691 12197 13537
3, 10, 2127 2579 3512 12868 13537 14404
3, 10, 2127 2579 8014 12197 12868
3, 10, 2127 3158 12868 13537 14404 16724
3, 10, 2127 3158 13537 16724 19421
3, 10, 2127 3158 4574 5032 5437 6691 7530 12197
3, 10, 2127 3158 4574 5032 6691 7530 12197 19421
3, 10, 2127 3158 5032 6691 12197 13537 19421
3, 10, 2127 3512 6337 12868 13537 14404 16724
3, 10, 2134 4583 5596 10103
3, 10, 2139 16778 17067 18176 19085
3, 10, 2139 4916 18176 19085
3, 10, 2139 4916 5572 19085
3, 10, 2139 4916 5572 7355 7741
3, 10, 2186 4786 6153 14111
3, 10, 2192 6833 10316 10456
3, 10, 2194 9494 10203 17763
3, 10, 2196 2307 4172 4313
3, 10, 2218 6996 10130 15314 17537 17607 19513
3, 10, 2218 9390 10130 12759 14286 15314 16367 17537 17607 18602 19513
3, 10, 2222 3555 16883 19349
3, 10, 2224 6153 11492 13909
3, 10, 223 3015 3796 10599 13420
3, 10, 2243 11076 15291 15765
3, 10, 226 841 4621 4985
3, 10, 226 841 4985 5514
3, 10, 226 912 4985 5514
3, 10, 2272 6498 9707 17622
3, 10, 2272 9707 14445 16616
3, 10, 2272 9707 16616 16699
3, 10, 2274 8042 12517 15804
3, 10, 2280 6544 17187 19113
3, 10, 2294 3688 7847 8184 8658 12916
3, 10, 2294 3688 7847 8184 8658 19739
3, 10, 2294 3688 7847 8658 12916 19739
3, 10, 2294 3688 7847 8658 15638 19739
3, 10, 2294 3688 8184 8658 13077
3, 10, 2307 4172 4313 6874 10409
3, 10, 2315 3054 4404 4676 5418 12378 17337
3, 10, 2318 4930 7358 13450
3, 10, 2360 7901 9829 10822 17039
3, 10, 2402 4733 6083 6717
3, 10, 2404 2868 6172 13170 14522
3, 10, 2431 7051 8468 14248
3, 10, 2470 6082 7507 8590 10255 11191
3, 10, 2478 7051 8468 15725
3, 10, 2486 5041 13051 16287
3, 10, 2510 5395 16091 16881
3, 10, 2514 2634 8895 9054 14220
3, 10, 2514 7929 8895 9054 13814 17166
3, 10, 2540 2899 6864 8444
3, 10, 2546 4470 14489 16514
3, 10, 2546 4470 15316 16514
3, 10, 2546 4470 15316 18174
3, 10, 2579 3512 6337 12427 12868 13537 14404
3, 10, 268 3620 5750 6703 11720 16463 18265
3, 10, 268 3620 5750 6703 8219 16463 16765 18265
3, 10, 2723 11726 13973 14869 15762
3, 10, 2723 8530 13973 14869
3, 10, 2740 4325 10793 18012 18518
3, 10, 2740 4325 8529 18012 18518
3, 10, 2783 3215 5434 7783 8741 9805 15033 16240 16641 16714 16849 19387
3, 10, 2783 3215 5434 8741 9805 10475 14188 15033 16240 16641 16849 19387
3, 10, 2783 7783 8741 9805 13759 15033 16240 16641 16714 16849 19387
3, 10, 2783 7783 8741 9805 15033 16044 16240 16641 16714 19387
3, 10, 2783 8741 9081 9805 13759 14650 15033 16240 16641 16849 19387
3, 10, 2783 9081 13759 14650 15033 19360 19387 19880
3, 10, 2783 9081 9805 13759 14650 15033 16849 19387 19880
3, 10, 2787 12179 13228 14254
3, 10, 2787 8223 13228 14254
3, 10, 2798 2861 3422 7227 12137
3, 10, 2840 3514 13069 17893
3, 10, 2841 6964 7636 19936
3, 10, 2843 4977 5709 14773
3, 10, 2843 4977 5709 15702 15974
3, 10, 2861 3422 12137 17672
3, 10, 2862 5801 9891 15917 18817
3, 10, 2878 15701 17669 18179
3, 10, 2908 5463 8395 11253 15262
3, 10, 2940 5621 6353 18718
3, 10, 2940 5621 7021 18718
3, 10, 2948 5240 6554 15769 17094
3, 10, 297 1765 10697 11451 14865 14966 15411 16000
3, 10, 297 1765 2122 2224 11451 12178 14966
3, 10, 297 1765 2122 2224 11451 13909 15411
3, 10, 297 1765 2122 2224 11451 14865 14966 15411 16000
3, 10, 297 2122 11451 14865 14966 15411 16000 18662
3, 10, 297 2122 2224 11451 13909 15411 18662
3, 10, 297 2122 2224 11492 12178 13909
3, 10, 3015 3796 5453 10599 13420
3, 10, 3015 3796 5453 7240 13420
3, 10, 3054 3962 4404 4676 12378 17337
3, 10, 3058 7544 9249 18865
3, 10, 3062 13551 15908 18028
3, 10, 3062 3216 15908 18028
3, 10, 3094 5045 7773 10680 15290
3, 10, 3144 10912 13020 19036
3, 10, 3191 3962 4404 4676 9435 12378
3, 10, 3201 5475 7515 17700
3, 10, 3211 10458 13014 17230
3, 10, 3215 5434 7783 8741 9805 10475 14188 16240 16641 16714
3, 10, 3215 5434 8741 10475 14188 16325 16790
3, 10, 3215 5434 8741 10475 14188 16325 16849
3, 10, 3215 5434 8741 9805 14188 16240 16641 16714 19387
3, 10, 322 1282 2881 11471
3, 10, 3223 4684 6525 12512 12835 14044
3, 10, 3275 7220 8284 15401 18612
3, 10, 3288 4424 6155 11662 18912
3, 10, 329 1099 3640 4202 7338 8105 11797 11838 13110 14168 17544 19769
3, 10, 329 1099 3640 4202 7338 8105 9416 11838 13110 14168 17544 19769
3, 10, 329 1099 3640 4202 7338 9416 11797 11838 13110 14168 17544 19769
3, 10, 329 1099 3640 4202 9416 11797 11838 13110 14168 17544 19277 19397 19769
3, 10, 329 1604 3640 3658 4202 7338 8105 11764 17544
3, 10, 329 1604 3640 3658 4202 9416 11764 17544
3, 10, 329 1604 3640 4202 7338 8105 9416 11764 11838 14168 17544
3, 10, 329 3640 4202 7338 9416 11764 11838 14168 17544 19769
3, 10, 329 3640 4202 9416 11764 11838 14168 17544 19277 19397 19769
3, 10, 337 1824 3518 3781 4701 14679 15329
3, 10, 3403 17633 19261 19316
3, 10, 3417 10794 17542 18746
3, 10, 342 1488 3366 3473 5548 18648
3, 10, 3495 4627 8885 11039 16655
3, 10, 3506 10834 16588 17855
3, 10, 3506 15056 16588 17855
3, 10, 3512 6337 12427 12868 13537 14404 16044 16724
3, 10, 3512 6337 7783 12427 12868 13537 14404 16044 16714
3, 10, 3512 6337 7783 12427 13537 14404 16044 16714 16724
3, 10, 3512 6337 7783 12427 14404 16044 16240 16641 16714
3, 10, 3512 6337 7783 9805 12427 16044 16240 16641 16714
3, 10, 3513 3720 10591 17908 18311
3, 10, 3514 13069 17893 18336
3, 10, 3521 4132 5997 8214 9468
3, 10, 3543 4697 5140 10328
3, 10, 3607 11379 19685 19951
3, 10, 3620 5750 6703 8134 8219 16463 16765 18063 18265
3, 10, 3620 5750 6703 8134 8609 11720 16463 18265
3, 10, 3620 5750 6703 8134 8609 16463 16765 18063 18265
3, 10, 3620 5750 8134 8219 8609 16463 16765 18063 18265
3, 10, 3620 7639 8219 16463 16765 18063
3, 10, 3622 10518 14401 19020
3, 10, 3638 6257 9497 12342 14227
3, 10, 3658 10153 10521 16791 17624 18995
3, 10, 3658 10153 14549 17434 17624 19562
3, 10, 3675 4656 10501 10984
3, 10, 3678 4389 8250 19971
3, 10, 3688 7847 8658 12916 15638 19739
3, 10, 3713 3763 5103 11561
3, 10, 3724 11933 19390 19419
3, 10, 3726 9997 10065 13931
3, 10, 3780 6044 6574 16769
3, 10, 3780 6044 6574 8271
3, 10, 3780 6044 7495 16769
3, 10, 3780 6044 7495 8271
3, 10, 3782 10131 12406 13072
3, 10, 3819 7740 9528 11158
3, 10, 3866 8688 11523 16766
3, 10, 387 2003 16325 16849
3, 10, 387 2783 8741 9081 9805 13759 14650 15033 16849 19387
3, 10, 387 2783 8741 9081 9805 14650 15033 16240 16641 16849 19387
3, 10, 387 2783 9081 9805 14650 15033 16849 19387 19880
3, 10, 387 4159 4751 9081 11730 14650
3, 10, 387 9081 11730 14650 19880
3, 10, 3904 6624 8298 10275 18675
3, 10, 3926 5355 5671 14599 17327 18049
3, 10, 3926 5355 5876 14599 17327 18049
3, 10, 3932 7455 7854 15853 16104
3, 10, 3932 7455 7854 15853 19970
3, 10, 3966 11127 13312 14612
3, 10, 3989 4437 9006 13974
3, 10, 3989 9006 9311 14753
3, 10, 4006 4662 6767 8687
3, 10, 4034 4923 5694 10120 14403 18168
3, 10, 407 490 1247 19203
3, 10, 4071 7308 8770 9660
3, 10, 410 3145 6914 17173
3, 10, 4115 5652 17916 19807
3, 10, 4116 12083 14796 18001
3, 10, 4153 10421 13712 16403
3, 10, 4159 4751 9081 11730 14650 19880
3, 10, 4159 9081 11730 13759 14650 19880
3, 10, 4202 7338 7355 7741 8105 11838 14168
3, 10, 4202 7338 7741 8105 11838 14168 17544
3, 10, 4232 4481 11624 19101
3, 10, 4268 4563 9897 11112 13891 19309
3, 10, 4290 5661 5877 7319
3, 10, 4304 11791 14693 15391
3, 10, 4340 4673 7761 12488
3, 10, 4341 6568 15484 18094
3, 10, 4355 7261 14726 17300
3, 10, 4395 8677 10148 11420 13071 13705 18213
3, 10, 4418 11401 15165 16249 18527
3, 10, 443 1621 1677 16959
3, 10, 443 1621 5279 16959
3, 10, 4485 7403 10280 16520 18869
3, 10, 4485 7403 14532 16520
3, 10, 4514 9589 15019 18329
3, 10, 4524 7568 8763 16956
3, 10, 4531 8651 10776 13313
3, 10, 4538 5791 7039 7477 14978 16401 17373
3, 10, 4538 7039 7417 7477 14978
3, 10, 4562 10226 11519 14246
3, 10, 4562 9144 11519 14246
3, 10, 4574 5437 7530 15872
3, 10, 4583 11874 14278 14310
3, 10, 4583 7282 11874 14310
3, 10, 4596 10985 12750 14553
3, 10, 4598 6257 9497 12342 14227
3, 10, 4677 9652 10616 12770
3, 10, 4735 5110 6050 7950
3, 10, 4737 12859 16672 17168
3, 10, 475 5040 7807 11233
3, 10, 4757 4774 11228 11388
3, 10, 4758 7639 8219 14960
3, 10, 4758 7639 8219 16765
3, 10, 4779 6405 15722 19573
3, 10, 4786 6153 13909 14111
3, 10, 4828 9416 11764 19277 19397
3, 10, 4886 15521 18104 18343
3, 10, 489 1797 13403 15012
3, 10, 4897 5019 5844 9637 11179 11845 12500 13716 15034
3, 10, 4897 5844 11179 12500 13716 14981 15034
3, 10, 4939 16744 17478 17723
3, 10, 4960 6744 8211 18328
3, 10, 4960 6744 9588 18328
3, 10, 500 5532 9743 14634
3, 10, 5073 5208 9470 9925
3, 10, 5090 5591 12780 18840 19887
3, 10, 5090 5591 16059 18840 19887
3, 10, 5137 13626 13742 16169 18464
3, 10, 5137 9235 16169 18464
3, 10, 5208 9470 9925 10472
3, 10, 5276 9264 15482 17618
3, 10, 530 6147 10702 11497 17886
3, 10, 5311 15961 18803 19299
3, 10, 538 7362 10639 11462 12178
3, 10, 5394 6340 7754 8016 18927
3, 10, 5395 16091 17263 17483
3, 10, 5401 10666 19123 19243
3, 10, 5437 13544 14656 15872
3, 10, 5437 14656 15601 15872
3, 10, 5450 8153 8422 13846
3, 10, 5500 10430 15467 18628
3, 10, 5500 15467 18628 19437
3, 10, 557 4695 9293 15141
3, 10, 557 5892 10546 12540 15141
3, 10, 557 5892 9293 12540
3, 10, 557 5892 9293 15141
3, 10, 5572 7338 7355 7741 8105
3, 10, 5572 7338 7355 8105 11838 14168
3, 10, 5585 5679 15085 16780 19456
3, 10, 5595 13884 14886 16507
3, 10, 5598 5950 6019 7981 9534
3, 10, 56 2963 6331 8187
3, 10, 5614 11578 11774 12063 12271 14290 17465 17693 17731
3, 10, 5619 8356 12509 19477
3, 10, 5649 8877 13088 13790 17856
3, 10, 5671 6711 14599 17327 18049
3, 10, 5674 7619 12264 12270 12869
3, 10, 5690 6286 7718 13191
3, 10, 5750 8134 8609 11720 13551 18265
3, 10, 578 3081 6681 9624 15758
3, 10, 5791 7039 7477 14978 16401 17373 18484
3, 10, 5791 7039 7477 15796 16401 17373 18484
3, 10, 5798 8131 13669 16055
3, 10, 5803 7188 10164 16285
3, 10, 5810 9182 12200 15595
3, 10, 5857 6052 6503 18322
3, 10, 5900 8153 8422 13846
3, 10, 5926 14197 15380 15913
3, 10, 5974 10086 13544 14656
3, 10, 5974 13544 14656 15872
3, 10, 6020 9734 9902 13800
3, 10, 6027 10195 13885 16727
3, 10, 6076 9404 11011 11013
3, 10, 6105 6794 12517 15804
3, 10, 6136 9649 12722 18348
3, 10, 6152 9113 9274 17783 18836
3, 10, 6161 10657 11582 16886
3, 10, 6179 7879 13985 18673
3, 10, 6180 12572 13513 16743 17563
3, 10, 6180 13513 14361 16743 17563
3, 10, 619 3157 8322 14560
3, 10, 621 1906 4441 6766 6904 7009 9873 13814 16340 18496
3, 10, 621 1906 4441 6766 6904 7929 9873 13814 16340 18496
3, 10, 621 1906 4441 6904 7009 7415 9873 18496
3, 10, 621 1906 4441 6904 7009 9873 12283 16340 18496
3, 10, 621 2514 6766 6904 7929 9873 13814 16340 17166 18496
3, 10, 621 2514 6766 7929 9054 9873 13814 16340 17166 18496
3, 10, 621 4441 6766 6904 7929 9873 13814 16340 17166 18496
3, 10, 6237 9866 12386 13144
3, 10, 6256 6851 16302 17446 18259
3, 10, 6259 14011 16782 17444 18552
3, 10, 6280 11633 16703 18770
3, 10, 6280 14952 16703 17961
3, 10, 6280 8484 14952 17961
3, 10, 6358 12220 18531 18553
3, 10, 638 2034 5447 12220
3, 10, 6393 8179 8328 19295
3, 10, 6414 7489 12845 13016
3, 10, 644 10728 16343 17873
3, 10, 644 7212 10728 16343
3, 10, 6461 7284 13918 14832
3, 10, 6464 11008 14349 14997
3, 10, 647 10404 13002 16112
3, 10, 651 2134 5596 8946 10103 15504
3, 10, 651 2134 7716 8946 10103 12641 15504 15834
3, 10, 651 2134 7716 8946 12641 15504 15834 16497
3, 10, 651 7716 10557 12641 15834 16497
3, 10, 6525 9044 12512 12835 14044 17973
3, 10, 6577 7553 11180 11978
3, 10, 6624 8298 11175 18675
3, 10, 6662 9031 10431 12718 19434
3, 10, 6671 10550 13654 15798
3, 10, 6671 9475 10550 13654
3, 10, 6742 9391 12432 12686
3, 10, 6742 9391 12686 14450
3, 10, 6768 10361 11201 17055
3, 10, 6794 8042 12517 15804
3, 10, 6832 7127 11160 14996
3, 10, 6846 11121 11246 12647
3, 10, 685 8835 9827 15110
3, 10, 687 1807 5403 6687
3, 10, 687 1807 6687 16135
3, 10, 6912 7903 8090 10967 13296
3, 10, 6940 16705 18320 19296
3, 10, 7066 7347 12842 16109
3, 10, 712 1908 13311 18789
3, 10, 7142 9076 12542 13738
3, 10, 7165 11115 11442 13715
3, 10, 7168 7764 8291 14593
3, 10, 7185 9658 10752 11154 14569 15306
3, 10, 7220 8284 15401 15770 18612
3, 10, 7247 13070 17095 19960
3, 10, 7249 9707 10156 14445 16616 16699
3, 10, 7249 9707 10156 14445 16616 18844
3, 10, 7282 11874 13118 14310
3, 10, 731 4260 6867 10961
3, 10, 7421 7885 16749 19017
3, 10, 7446 8917 10461 14980 16256 17419
3, 10, 7446 8917 10461 16256 17419 19081
3, 10, 7481 8704 14723 14747 17829
3, 10, 7526 12470 13873 18041 18235
3, 10, 757 2003 2095 3020 3078 5733 13044 14124 14264 16325 16790 19895
3, 10, 7589 12598 12899 16356
3, 10, 763 9124 10142 19106
3, 10, 7716 10557 12136 12641 15215 16497
3, 10, 7716 10557 12136 12641 15834 16497
3, 10, 772 6897 10708 12118
3, 10, 7726 11884 12848 16663
3, 10, 7765 10256 10602 12606 15999
3, 10, 7765 9207 10602 12606 15999
3, 10, 7783 12427 13759 16044 16240 16641 16714
3, 10, 7783 8741 9805 12427 16044 16240 16641 16714 19387
3, 10, 782 10847 10969 16731
3, 10, 782 2924 9311 10847
3, 10, 782 2924 9311 14753
3, 10, 7897 10424 13525 14316 18660
3, 10, 7901 10319 12211 14529 16605
3, 10, 7901 9829 10319 10822 12211 14529
3, 10, 7903 8090 10967 11380 13296
3, 10, 7951 13464 13708 16872
3, 10, 7998 15077 15690 15926
3, 10, 8051 9581 12991 13475
3, 10, 8071 10679 11487 18509
3, 10, 8156 8896 13782 15282 18199
3, 10, 817 5411 5469 5976
3, 10, 8179 8328 9373 19295
3, 10, 8203 9471 10005 18515
3, 10, 825 10153 10521 11800 16791 17624 18995
3, 10, 825 10521 11800 14772 16791 17129 17726 18995
3, 10, 825 3658 10153 10521 17624 18995
3, 10, 825 7338 7355 7741 8105 11838
3, 10, 825 7741 10521 11800 16791 17129 18995
3, 10, 825 7741 11800 14772 16791 17129 18995
3, 10, 825 7741 8105 11800
3, 10, 8284 11634 13230 14161 19856 19920
3, 10, 8284 13230 14161 15401 19856 19920
3, 10, 835 1503 8816 15814
3, 10, 8356 12509 13986 15766
3, 10, 837 2694 11361 12557 17472
3, 10, 838 1619 13221 19287
3, 10, 838 1619 7124 14590 19287
3, 10, 8386 9797 13579 14934 19548
3, 10, 8408 9630 13094 13325
3, 10, 841 1725 4621 14394
3, 10, 841 1725 6381 14394
3, 10, 8484 8538 14952 17024 17961
3, 10, 8529 13541 18012 18518
3, 10, 853 8894 11670 13243
3, 10, 8530 13973 14869 17849
3, 10, 8530 17849 18670 18881 19619
3, 10, 8583 9052 9404 11011 11013
3, 10, 8586 16991 17668 19415
3, 10, 859 3796 5453 7240
3, 10, 8617 8820 10796 11629
3, 10, 8617 8820 11629 18506
3, 10, 8631 9797 13579 14934 19548
3, 10, 8677 10148 11420 13071 13705 13760 18213
3, 10, 8695 13132 13861 14564
3, 10, 8752 10902 14130 15502
3, 10, 8752 9614 12541 14549 16075 19471 19562
3, 10, 8752 9614 15502 16075
3, 10, 880 3664 5368 10448
3, 10, 8856 9862 10233 16968
3, 10, 8914 9604 19047 19535
3, 10, 892 1358 8060 19457
3, 10, 892 4690 8060 19457 19543
3, 10, 8923 11354 16015 16282
3, 10, 8941 13361 14255 14286 16367 18140 18602
3, 10, 8941 9191 9390 10130 12759 14255 14286 16367 17537 18140 18602
3, 10, 8941 9191 9390 10130 12759 14286 16367 17537 17607 18602
3, 10, 8941 9390 10130 12759 14255 14286 16367 17537 17607 18602 19513
3, 10, 8941 9390 10130 12759 14255 14286 16367 17537 18140 18602 19513
3, 10, 897 2476 10068 11630
3, 10, 897 4964 11630 12371
3, 10, 9013 10435 10744 13145
3, 10, 903 7466 10116 13014
3, 10, 9032 10378 10569 13937 18843
3, 10, 9052 11013 14736 16819
3, 10, 9062 11315 16555 19093
3, 10, 9081 11730 13759 14650 19360 19880
3, 10, 9081 13759 15033 16240 19360
3, 10, 912 4985 5514 7260
3, 10, 9146 15569 17462 18666
3, 10, 9170 9898 11163 12643
3, 10, 9226 10148 13071 13760 18213
3, 10, 9226 13071 16360 18213
3, 10, 9235 13626 16169 18464
3, 10, 9249 16175 18162 18865
3, 10, 9362 12928 17718 19270
3, 10, 9362 12928 19270 19536
3, 10, 9391 12432 12686 14450
3, 10, 95 5532 9743 14634
3, 10, 953 1073 1713 11324
3, 10, 956 6796 14361 19121
3, 10, 9614 12541 14549 17434 19471 19562
3, 10, 9614 14549 17624 19562
3, 10, 962 6596 10732 19021
3, 10, 962 6596 7168 7764 8291
3, 10, 963 2897 15358 15715
3, 10, 9658 10752 11154 12906 14569 15306
3, 10, 9658 10752 11154 14569 15921 17785
3, 10, 97 1640 3211 4394 7351
3, 10, 97 903 5273 7466 8972
3, 10, 97 903 7466 13014
3, 10, 9705 12760 13000 14093
3, 10, 9705 12760 14093 17309
3, 10, 9728 10875 12782 16049
3, 10, 974 4115 4335 5652 17834 18637
3, 10, 974 4115 4335 5652 17916 18637
3, 10, 974 4115 4335 5652 7038 12287 18637
3, 10, 974 4335 5652 7038 8514 17834 18637
3, 10, 974 979 4335 7038 12287 18637
3, 10, 974 979 4335 7038 8514 18637
3, 10, 9826 10518 11696 14401 15202 19020
