0, 5, 10016 11355 14919 16609
0, 5, 1013 1098 5432 12675 17591
0, 5, 10148 11420 13071 13760 18213
0, 5, 10153 10521 16791 17624 18995
0, 5, 10153 10902 17624 18995
0, 5, 10156 12085 14638 18844
0, 5, 10156 14445 16616 18844
0, 5, 102 7006 8740 14556
0, 5, 10249 13532 16776 18511
0, 5, 10319 12211 14529 16605
0, 5, 10378 10569 13937 16831 18843
0, 5, 10397 10693 15771 19388
0, 5, 10518 11696 14401 15202 19020
0, 5, 1059 14434 15363 17046
0, 5, 10752 11154 15921 17785
0, 5, 1088 5661 5877 7319
0, 5, 10902 11509 13746 14130 15502
0, 5, 1099 11797 13110 17544 19397
0, 5, 1099 11797 19277 19397
0, 5, 1099 4202 7338 11797 11838 13110 14168 17544
0, 5, 11007 11352 13569 18813
0, 5, 11179 12500 13148 14981
0, 5, 1122 3202 3855 4136
0, 5, 1128 2201 8151 11385
0, 5, 11297 12712 15162 19032
0, 5, 1141 3803 6776 11738
0, 5, 11451 14865 14966 15411 16000 18662
0, 5, 11578 11774 12063 12271 14290 17465 17693 17731
0, 5, 11578 13513 14290 17465 17693
0, 5, 1162 7613 13796 15888 16344
0, 5, 1175 2613 6834 15761
0, 5, 1187 3525 5281 8667 15606
0, 5, 11898 12992 13948 18719
0, 5, 12369 16778 17067 18176
0, 5, 1261 1498 6997 18680
0, 5, 13294 13884 14886 16507
0, 5, 1346 5438 5891 8994
0, 5, 13612 14757 15048 19210
0, 5, 13626 13742 16169 18464
0, 5, 1384 16025 18088 19160
0, 5, 1400 10156 12085 18844
0, 5, 1400 7249 9707 16699
0, 5, 1414 2537 8997 12483 15880 18732 18898
0, 5, 142 824 1204 2778 9945
0, 5, 1465 10227 17671 17857
0, 5, 1507 7961 8495 9013 13145
0, 5, 15529 15642 16060 16066
0, 5, 1570 2218 3863 6996 13301
0, 5, 1570 2218 6996 15314 17537
0, 5, 1570 2713 3863 6996 13301
0, 5, 1575 7520 9310 11714
0, 5, 1587 2151 2874 18967
0, 5, 1604 3640 8105 17544
0, 5, 1604 3658 10153 10521 17624 18995
0, 5, 1610 12560 14165 18344
0, 5, 1636 11007 11352 13569
0, 5, 1640 2245 4394 7351 17230
0, 5, 1640 2245 7351 9698 17230
0, 5, 1640 3211 4394 7351 17230
0, 5, 1640 7351 10458 17230
0, 5, 1646 6364 7062 11050
0, 5, 1646 6364 7062 12245 13504
0, 5, 16778 17067 18176 19085
0, 5, 1691 2862 5801 18817
0, 5, 1691 2862 6031 18817
0, 5, 1696 5381 6563 16706
0, 5, 1702 3499 15184 18766
0, 5, 1765 10697 11451 14865 14966 15411 16000
0, 5, 1824 3518 3781 14679
0, 5, 1824 3781 4701 14679
0, 5, 1827 15529 16060 16066
0, 5, 1846 5198 6332 17275
0, 5, 1846 6332 7208 17275
0, 5, 1851 4105 10883 18354
0, 5, 1863 7790 11969 16978
0, 5, 189 4116 14294 18001
0, 5, 189 9787 14294 18001
0, 5, 1890 4315 6414 12845
0, 5, 1890 6414 12845 13016
0, 5, 1906 4441 6904 7009 9873 11068 12283
0, 5, 1907 5500 18628 19437
0, 5, 1952 8786 12288 13951
0, 5, 1985 2531 4739 12334
0, 5, 2003 2095 3020 3078 5733 13044 14264 16325 16790
0, 5, 2031 7526 12470 18041
0, 5, 2037 3567 4308 6774 9830
0, 5, 2037 4308 6774 15573
0, 5, 2037 6774 12965 15573
0, 5, 2069 7288 10553 13112 13493
0, 5, 2087 2450 3749 5424
0, 5, 2095 3078 5733 13044 14124 14264 16325 16790
0, 5, 2109 6736 10499 14335 17191
0, 5, 2116 11030 13025 15656
0, 5, 2122 2224 6153 13909
0, 5, 2127 2579 12868 13537
0, 5, 2127 2579 3158 5032 6691 12197 12868
0, 5, 2127 3158 12197 12868 13537
0, 5, 2127 3158 4574 5032 6691 7530 12197
0, 5, 2139 4916 5572 19085
0, 5, 2186 4786 6153 14111
0, 5, 2194 9494 10203 17763
0, 5, 2201 6070 8151 11385
0, 5, 2218 6996 15314 17537 17607
0, 5, 2272 6498 9707 17622
0, 5, 2294 3688 8658 13077
0, 5, 2294 8184 8658 13077
0, 5, 2307 4172 6874 10409
0, 5, 2360 7901 9829 10822 17039
0, 5, 2510 5395 16091 16881
0, 5, 2514 6766 7929 13814 16340 17166
0, 5, 2514 6766 7929 9054 16340 17166
0, 5, 2514 8895 9054 17166
0, 5, 2540 2899 6864 8444
0, 5, 268 5750 6703 11720 16463
0, 5, 2723 11726 13973 14869 15762
0, 5, 2723 8530 13973 14869
0, 5, 2783 3215 8741 9805 15033 16240 16641 16849 19387
0, 5, 2783 7783 8741 9805 15033 16240 16641 16714 19387
0, 5, 2783 7783 8741 9805 15033 16240 16641 16849 19387
0, 5, 2783 8741 9081 9805 14650 15033 16641 19387
0, 5, 2783 8741 9081 9805 15033 16240 16641 19387
0, 5, 2783 8741 9081 9805 15033 16641 16849 19387
0, 5, 2783 9081 9805 13759 14650 15033 19387
0, 5, 2783 9081 9805 13759 16240 19387
0, 5, 2783 9081 9805 14650 15033 16641 16849 19387
0, 5, 2787 12179 13228 14254
0, 5, 2840 3514 13069 17893
0, 5, 2862 5801 9891 18817
0, 5, 2862 9891 15917 18817
0, 5, 2878 15701 17669 18179
0, 5, 2908 5463 8395 11253 15262
0, 5, 2948 5240 6554 17094
0, 5, 297 11451 14865 15411
0, 5, 297 2122 2224 11451 13909 15411
0, 5, 297 2122 2224 11492 12178 13909
0, 5, 3015 3796 5453 10599 13420
0, 5, 3054 3962 4404 4676 12378
0, 5, 3054 4676 5418 12378
0, 5, 3062 13551 15908 18028
0, 5, 3062 3216 15908 18028
0, 5, 3094 5045 7773 10680
0, 5, 3094 7773 10680 15290
0, 5, 3158 4574 5032 6691 7530 12197 19421
0, 5, 3215 5434 10475 14188 14264 16325 16790
0, 5, 3215 5434 7783 8741 14188 16240 16641 16714
0, 5, 3215 5434 7783 8741 9805 16240 16641 16714
0, 5, 3215 5434 8741 10475 14188 16240 16641 16714
0, 5, 3215 5434 8741 9805 10475 14188 16240 16641
0, 5, 3215 5434 8741 9805 16240 16641 16849 19387
0, 5, 3215 7783 8741 9805 16240 16641 16714 19387
0, 5, 322 1282 2881 11471
0, 5, 3223 4684 6525 12512 12835 14044
0, 5, 3272 14434 15363 17046
0, 5, 3275 7220 15401 15770 18612
0, 5, 3288 4424 6155 11662 18912
0, 5, 329 1604 3640 3658 9416 11764
0, 5, 329 1604 3640 4202 17544
0, 5, 329 1604 3640 9416 11764 17544
0, 5, 329 3640 4202 7338 8105 11838 14168 17544
0, 5, 329 3640 4202 7338 9416 11838 14168 17544
0, 5, 329 3640 9416 11764 19277 19397
0, 5, 329 3640 9416 17544 19277 19397
0, 5, 329 4202 7338 11838 13110 14168 17544
0, 5, 337 4701 14679 15329
0, 5, 3403 17633 19261 19316
0, 5, 3417 10794 17542 18746
0, 5, 342 1488 3366 5548
0, 5, 342 3366 3473 5548 18648
0, 5, 3495 4627 8885 11039 16655
0, 5, 3506 10834 16588 17855
0, 5, 3512 6337 12427 13537 14404 16044 16724
0, 5, 3512 6337 12868 13537 14404
0, 5, 3512 6337 7783 12427 13537 14404 16044 16714
0, 5, 3512 6337 7783 12427 14404 16044 16240 16714
0, 5, 3512 6337 7783 12427 16044 16240 16641 16714
0, 5, 3521 4132 8214 9468
0, 5, 3543 4697 5140 10328
0, 5, 3620 5750 6703 8134 11720 16463 18265
0, 5, 3620 5750 6703 8219 16463 16765
0, 5, 3620 5750 6703 8219 16463 18265
0, 5, 3620 5750 8134 8219 16463 18063 18265
0, 5, 3620 5750 8134 8219 8609 18063 18265
0, 5, 3620 5750 8219 8609 16765 18063 18265
0, 5, 3620 7639 8219 16765
0, 5, 3638 6257 9497 12342 14227
0, 5, 3675 4656 10501 10984
0, 5, 3688 7847 8658 12916
0, 5, 3720 10591 17908 18311
0, 5, 3780 6044 7495 8271
0, 5, 3796 5453 7240 13420
0, 5, 3866 8688 11523 16766
0, 5, 387 2783 8741 9081 9805 14650 15033 19387
0, 5, 387 2783 8741 9081 9805 15033 16849 19387
0, 5, 387 2783 8741 9805 15033 16240 16641 16849 19387
0, 5, 387 2783 9081 9805 14650 15033 16849 19387
0, 5, 3899 7717 16179 16310
0, 5, 3904 6624 8298 10275 18675
0, 5, 3926 5355 5876 14599 17327 18049
0, 5, 3932 7455 7854 15853
0, 5, 3989 9006 9311 14753
0, 5, 4006 4662 6767 8687
0, 5, 4034 4923 5694 10120 14403
0, 5, 407 490 1247 19203
0, 5, 410 3145 6914 17173
0, 5, 4159 4751 11730 14650
0, 5, 4159 9081 11730 14650
0, 5, 4202 7338 7355 11838 13110 14168
0, 5, 4202 7338 7355 7741 8105 11838 14168
0, 5, 4202 7338 7355 8105 11838 14168 17544
0, 5, 4268 4563 9897 11112 13891 19309
0, 5, 4304 11791 14693 15391
0, 5, 4355 7261 14726 17300
0, 5, 4395 8677 11420 13705
0, 5, 4418 11401 15165 18527
0, 5, 4418 15165 16249 18527
0, 5, 443 1621 1677 16959
0, 5, 443 1621 5279 16959
0, 5, 4441 6904 7009 9873 11068 12283 18496
0, 5, 4485 7403 16520 18869
0, 5, 4514 9589 15019 18329
0, 5, 4538 5791 7039 7477 14978 16401
0, 5, 4538 5791 7039 7477 16401 17373
0, 5, 4538 7039 7417 7477
0, 5, 4574 5032 5437 6691 7530
0, 5, 4583 11874 14278 14310
0, 5, 4737 12859 16672 17168
0, 5, 4828 9416 19277 19397
0, 5, 4897 11179 12500 14981
0, 5, 4897 5019 5844 11845 13716 15034
0, 5, 4897 5844 11179 11845 12500 13716 15034
0, 5, 4923 5694 10120 18168
0, 5, 4923 5694 14403 18168
0, 5, 4939 16744 17478 17723
0, 5, 4977 5709 15702 15974
0, 5, 5019 5844 9637 11845 13716 15034
0, 5, 5137 13626 13742 18464
0, 5, 5208 9470 9925 10472
0, 5, 530 6147 10702 11497
0, 5, 5355 6711 14599 17327 18049
0, 5, 538 7362 10639 11462
0, 5, 5394 6340 7754 8016 18927
0, 5, 5401 10666 19123 19243
0, 5, 5432 7746 11940 12675 17591
0, 5, 557 5892 10546 12540
0, 5, 557 5892 9293 12540
0, 5, 5572 7338 7355 8105
0, 5, 5585 15085 16780 19456
0, 5, 5598 5950 6019 7981
0, 5, 5614 11774 12063 12271 17465 17731
0, 5, 5674 7619 12270 12869
0, 5, 5679 15085 16780 19456
0, 5, 5690 6286 7718 13191
0, 5, 578 3081 6681 9624
0, 5, 5791 7039 7477 15796 18484
0, 5, 5791 7039 7477 16401 17373 18484
0, 5, 5926 14197 15380 15913
0, 5, 5936 6364 7062 11050
0, 5, 5974 10086 13544 14656
0, 5, 6027 10195 13885 16727
0, 5, 6105 6794 8042 12517
0, 5, 6136 9649 12722 18348
0, 5, 6152 9274 17783 18836
0, 5, 6161 10657 11582 16886
0, 5, 6180 12572 13513 16743 17563
0, 5, 6180 14361 16743 17563
0, 5, 621 1906 4441 6904 7009 9873 13814
0, 5, 621 4441 6904 7009 9873 12283 18496
0, 5, 621 4441 6904 7009 9873 13814 16340 18496
0, 5, 621 4441 6904 7929 9873 13814 16340 18496
0, 5, 621 6766 6904 7009 9873 13814 16340 18496
0, 5, 621 6766 6904 7929 9873 13814 16340 18496
0, 5, 621 6766 7929 9873 13814 16340 17166 18496
0, 5, 6256 6851 16302 18259
0, 5, 6256 6851 17446 18259
0, 5, 6259 14011 16782 17444
0, 5, 6259 16782 17444 18552
0, 5, 6337 7783 8741 12427 16044 16240 16641 16714
0, 5, 6464 11008 14349 14997
0, 5, 647 10404 13002 16112
0, 5, 651 2134 5596 8946 10103 15504
0, 5, 651 2134 7716 8946 12641 15504 15834 16497
0, 5, 651 2134 8946 10103 15504 15834
0, 5, 6525 12512 12835 17973
0, 5, 6624 8298 11175 18675
0, 5, 6662 10431 12718 19434
0, 5, 6662 9031 10431 19434
0, 5, 6671 9475 10550 13654
0, 5, 6766 7929 9054 13814 16340 17166
0, 5, 6768 10361 11201 17055
0, 5, 6794 8042 12517 15804
0, 5, 6846 11121 11246 12647
0, 5, 687 1807 5403 6687
0, 5, 687 1807 6687 16135
0, 5, 6940 16705 18320 19296
0, 5, 7062 12245 13269 13504
0, 5, 7066 7347 12842 16109
0, 5, 712 1908 13311 18789
0, 5, 7142 9076 12542 13738
0, 5, 7185 9658 10752 14569
0, 5, 7421 7885 16749 19017
0, 5, 7446 10461 16256 17419 19081
0, 5, 7446 14980 16256 17419
0, 5, 7446 8917 10461 16256 17419
0, 5, 7481 14723 14747 17829
0, 5, 7481 8704 14723 17829
0, 5, 7526 12470 13873 18041 18235
0, 5, 7589 12598 12899 16356
0, 5, 763 9124 10142 19106
0, 5, 7716 10557 12136 12641
0, 5, 7765 10602 12606 15999
0, 5, 7765 9207 10602 15999
0, 5, 7783 13759 16240 16714
0, 5, 7783 9805 13759 16240
0, 5, 782 10847 10969 16731
0, 5, 7897 10424 14316 18660
0, 5, 7903 8090 10967 11380 13296
0, 5, 7998 15077 15690 15926
0, 5, 8051 9581 12991 13475
0, 5, 8156 8896 13782 15282
0, 5, 817 5411 5469 5976
0, 5, 8179 8328 9373 19295
0, 5, 825 10521 11800 14772 16791 17129 17726
0, 5, 825 10521 11800 16791 17129 17726 18995
0, 5, 825 7741 10521 11800 16791
0, 5, 825 7741 10521 11800 18995
0, 5, 8284 11634 13230 14161
0, 5, 8284 13230 14161 15401
0, 5, 835 1503 8816 15814
0, 5, 837 11361 12557 17472
0, 5, 838 1619 14590 19287
0, 5, 838 1619 7124 14590
0, 5, 838 1619 7124 19287
0, 5, 8484 8538 14952 17024 17961
0, 5, 8529 13541 18012 18518
0, 5, 853 8894 11670 13243
0, 5, 8583 9404 11011 11013
0, 5, 859 3796 5453 7240
0, 5, 8617 8820 11629 18506
0, 5, 8631 9797 13579 14934
0, 5, 8677 10148 11420 13071 18213
0, 5, 8677 10148 11420 13705
0, 5, 8677 10148 11420 13760
0, 5, 8741 9081 9805 13759 16240
0, 5, 8752 12541 16075 19471
0, 5, 8752 9614 12541 14549 19471
0, 5, 880 3664 5368 10448
0, 5, 8896 13782 15282 18199
0, 5, 8917 10461 16256 17419 19081
0, 5, 892 4690 8060 19457
0, 5, 8941 10130 14255 14286 16367 18140 18602
0, 5, 8941 9191 9390 10130 12759 14255 14286 16367 17537 17607 18602
0, 5, 897 2476 10068 11630
0, 5, 9028 10156 12085 14638
0, 5, 9028 12085 14638 16219
0, 5, 9032 10378 10569 13937
0, 5, 9062 11315 13226 19093
0, 5, 9062 11315 16555 19093
0, 5, 9081 13759 14650 19360
0, 5, 9170 9898 11163 12643
0, 5, 9226 10148 13071 13760
0, 5, 9390 10130 12759 14286 15314 17537 17607
0, 5, 9614 12541 14549 17434 19471
0, 5, 962 6596 10732 19021
0, 5, 9637 11179 11845 12500 13716 15034
0, 5, 9658 10752 11154 12906 14569 15306
0, 5, 97 3211 4394 7351
0, 5, 9705 12760 13000 14093
0, 5, 974 4115 4335 5652 12287 18637
0, 5, 974 4115 5652 17916
0, 5, 974 4335 5652 17834
0, 5, 974 4335 7038 12287 18637
0, 5, 974 4335 7038 8514
0, 5, 974 4335 8514 17834
0, 5, 979 4335 7038 12287
0, 5, 9826 10518 11696 15202 19020
1, 6, 10016 11355 14919 16609
1, 6, 1013 1098 5432 12675 17591
1, 6, 10148 11420 13071 13760 18213
1, 6, 10153 10521 16791 17624 18995
1, 6, 10153 10902 17624 18995
1, 6, 10156 14445 16616 18844
1, 6, 102 7006 8740 14556
1, 6, 10249 13532 16776 18511
1, 6, 10319 12211 14529 16605
1, 6, 10378 10569 13937 16831 18843
1, 6, 10397 10693 15771 19388
1, 6, 10475 14124 14188 14264 16790
1, 6, 10518 11696 14401 15202 19020
1, 6, 1059 14434 15363 17046
1, 6, 10752 11154 15921 17785
1, 6, 1088 5661 5877 7319
1, 6, 10902 11509 13746 14130 15502
1, 6, 1099 11797 13110 17544 19397
1, 6, 1099 11797 19277 19397
1, 6, 1099 17544 19277 19397
1, 6, 1099 4202 7338 11797 11838 13110 14168 17544
1, 6, 11007 11352 13569 18813
1, 6, 11179 12500 13148 14981
1, 6, 1122 3202 3855 4136
1, 6, 1128 2201 8151 11385
1, 6, 11297 12712 15162 19032
1, 6, 1141 3803 6776 11738
1, 6, 11451 14865 14966 15411 16000 18662
1, 6, 11578 11774 12063 12271 14290 17465 17693 17731
1, 6, 11578 12572 13513 17693
1, 6, 11578 13513 14290 17693
1, 6, 1162 7613 13796 15888 16344
1, 6, 1175 2613 6834 15761
1, 6, 1187 3525 5281 8667 15606
1, 6, 11898 12992 13948 18719
1, 6, 12369 16778 17067 18176
1, 6, 12572 13513 14290 17693
1, 6, 1261 1498 6997 18680
1, 6, 131 1650 11817 18253
1, 6, 13294 13884 14886 16507
1, 6, 1346 5438 5891 8994
1, 6, 13612 14757 15048 19210
1, 6, 13626 13742 16169 18464
1, 6, 1384 16025 18088 19160
1, 6, 1400 10156 12085 18844
1, 6, 1400 12085 14638 16219
1, 6, 1400 7249 10156 18844
1, 6, 1400 7249 9707 16699
1, 6, 1414 2537 8997 12483 15880 18732 18898 19570
1, 6, 142 824 1204 2778 9945
1, 6, 14286 15314 17537 17607 19513
1, 6, 1465 10227 17671 17857
1, 6, 1507 7961 8495 9013 13145
1, 6, 15529 15642 16060 16066
1, 6, 1570 2218 3863 6996 13301 19513
1, 6, 1570 2218 6996 13301 15314 19513
1, 6, 1570 2713 3863 6996 13301 19513
1, 6, 1575 7520 9310 11714
1, 6, 1587 2151 2874 18967
1, 6, 1604 3640 8105 17544
1, 6, 1604 3658 10153 10521 17624 18995
1, 6, 1610 12560 14165 18344
1, 6, 1636 11007 13569 18813
1, 6, 1636 11352 13569 18813
1, 6, 1640 2245 4394 7351 17230
1, 6, 1640 2245 9698 17230
1, 6, 1640 3211 4394 7351 17230
1, 6, 1640 7351 10458 17230
1, 6, 1646 6364 7062 11050
1, 6, 1646 6364 7062 12245 13504
1, 6, 1646 7062 12245 13269 13504
1, 6, 16778 17067 18176 19085
1, 6, 1691 2862 5801 18817
1, 6, 1691 2862 5801 6031
1, 6, 1691 2862 6031 18817
1, 6, 1696 5381 6563 16706
1, 6, 1702 3499 15184 18766
1, 6, 1765 10697 11451 14865 14966 15411 16000
1, 6, 1824 3518 3781 14679
1, 6, 1827 15529 16060 16066
1, 6, 1846 5198 6332 17275
1, 6, 1846 6332 7208 17275
1, 6, 1851 4105 10883 18354 19624
1, 6, 1863 7790 11969 16978
1, 6, 189 4116 14294 18001
1, 6, 189 9787 14294 18001
1, 6, 1890 4315 6414 12845
1, 6, 1890 6414 12845 13016
1, 6, 1906 4441 6904 7009 11068 12283
1, 6, 1906 4441 6904 7009 9873 12283
1, 6, 1906 4441 7415 11068
1, 6, 1952 8786 12288 13951
1, 6, 1985 2531 4739 12334
1, 6, 2003 2095 3020 3078 5733 13044 14264 16325 16790
1, 6, 2031 7526 12470 18041
1, 6, 2037 3567 4308 6774 9830
1, 6, 2037 4308 6774 15573
1, 6, 2037 6774 12965 15573
1, 6, 2069 7288 10553 13112 13493
1, 6, 2083 8301 16126 19479
1, 6, 2087 2450 3749 5424
1, 6, 2095 3078 5733 13044 14124 14264 16325 16790
1, 6, 2109 6736 10499 14335 17191
1, 6, 2116 11030 13025 15656
1, 6, 2122 2224 6153 13909
1, 6, 2127 2579 12868 13537
1, 6, 2127 2579 3158 5032 12197 12868
1, 6, 2127 2579 3158 5032 6691 12197
1, 6, 2127 3158 12197 12868 13537
1, 6, 2127 3158 4574 5032 6691 7530 12197 19421
1, 6, 2134 5596 8946 10103 15504
1, 6, 2139 4916 5572 19085
1, 6, 2139 4916 5572 7355
1, 6, 2186 4786 6153 14111
1, 6, 2194 9494 10203 17763
1, 6, 2201 6070 8151 11385
1, 6, 2218 6996 15314 17537 17607 19513
1, 6, 2222 3555 16883 19349
1, 6, 226 912 4985 5514
1, 6, 2294 3688 8184 8658 13077
1, 6, 2307 4172 6874 10409
1, 6, 2360 7901 9829 10822 17039
1, 6, 2404 2868 6172 13170
1, 6, 2510 5395 16091 16881
1, 6, 2514 6766 7929 9054 13814 16340 17166
1, 6, 2514 8895 9054 17166
1, 6, 2540 2899 6864 8444
1, 6, 268 5750 6703 11720 16463
1, 6, 2723 11726 13973 14869 15762
1, 6, 2723 8530 13973 14869
1, 6, 2783 3215 8741 9805 15033 16240 16641 16849 19387
1, 6, 2783 7783 8741 9805 15033 16240 16641 16714 19387
1, 6, 2783 7783 8741 9805 15033 16240 16641 16849 19387
1, 6, 2783 8741 9081 9805 13759 16240 19387
1, 6, 2783 8741 9081 9805 15033 16240 16641 16849 19387
1, 6, 2783 9081 9805 13759 14650 15033 19387
1, 6, 2783 9081 9805 13759 15033 16240 19387
1, 6, 2787 12179 13228 14254
1, 6, 2840 3514 13069 17893
1, 6, 2862 5801 9891 18817
1, 6, 2862 9891 15917 18817
1, 6, 2878 15701 17669 18179
1, 6, 2908 5463 8395 11253 15262
1, 6, 2948 5240 6554 17094
1, 6, 297 11451 14865 15411
1, 6, 297 2122 2224 11451 13909 15411
1, 6, 297 2122 2224 11492 12178 13909
1, 6, 3015 3796 5453 10599 13420
1, 6, 3054 3962 4404 4676 12378
1, 6, 3054 4676 5418 12378
1, 6, 3062 13551 15908 18028
1, 6, 3062 3216 15908 18028
1, 6, 3094 5045 7773 10680
1, 6, 3094 7773 10680 15290
1, 6, 3215 5434 10475 14188 14264 16325 16790
1, 6, 3215 5434 7783 8741 9805 16240 16641 16714
1, 6, 3215 5434 8741 9805 10475 14188 16240 16641
1, 6, 3215 5434 8741 9805 16240 16641 16849 19387
1, 6, 322 1282 2881 11471
1, 6, 3223 4684 6525 12512 12835 14044
1, 6, 3272 14434 15363 17046
1, 6, 3275 7220 15401 18612
1, 6, 3288 4424 6155 11662 18912
1, 6, 329 1604 3640 3658 9416 11764
1, 6, 329 1604 3640 4202 17544
1, 6, 329 1604 3640 9416 11764 17544
1, 6, 329 3640 4202 7338 8105 11838 14168 17544
1, 6, 329 3640 4202 7338 9416 11838 14168 17544
1, 6, 329 3640 9416 11764 17544 19277 19397
1, 6, 329 4202 11838 13110 14168 17544
1, 6, 337 4701 14679 15329
1, 6, 3403 17633 19261 19316
1, 6, 3417 10794 17542 18746
1, 6, 342 1488 3366 5548
1, 6, 342 3366 3473 5548 18648
1, 6, 3495 4627 8885 11039 16655
1, 6, 3506 10834 16588 17855
1, 6, 3512 6337 12427 12868 13537 14404
1, 6, 3512 6337 12427 13537 14404 16044 16724
1, 6, 3512 6337 7783 12427 13537 14404 16044 16714
1, 6, 3512 6337 7783 12427 14404 16044 16240 16714
1, 6, 3512 6337 7783 12427 16044 16240 16641 16714
1, 6, 3521 4132 8214 9468
1, 6, 3543 4697 5140 10328
1, 6, 3620 5750 6703 8134 16463 18265
1, 6, 3620 5750 6703 8219 16463 16765 18265
1, 6, 3620 5750 8134 8219 16463 18063 18265
1, 6, 3620 5750 8134 8219 8609 18063 18265
1, 6, 3620 5750 8219 8609 16765 18063 18265
1, 6, 3620 7639 8219 16765
1, 6, 3638 6257 9497 12342 14227
1, 6, 3675 4656 10501 10984
1, 6, 3688 7847 8658 12916
1, 6, 3720 10591 17908 18311
1, 6, 3796 5453 7240 13420
1, 6, 3866 8688 11523 16766
1, 6, 387 2783 8741 9081 9805 14650 15033 16849 19387
1, 6, 387 2783 8741 9805 15033 16240 16641 16849 19387
1, 6, 3899 7717 16179 16310
1, 6, 3904 6624 8298 10275 18675
1, 6, 3926 5355 5876 14599 17327 18049
1, 6, 3932 7455 7854 15853
1, 6, 3989 9006 9311 14753
1, 6, 4006 4662 6767 8687
1, 6, 4034 4923 5694 10120 14403
1, 6, 407 490 1247 19203
1, 6, 410 3145 6914 17173
1, 6, 4159 4751 11730 14650
1, 6, 4159 9081 11730 14650
1, 6, 4202 7338 7355 7741 8105 11838 14168
1, 6, 4202 7338 7355 8105 11838 14168 17544
1, 6, 4268 4563 9897 11112 13891 19309
1, 6, 4304 11791 14693 15391
1, 6, 4325 8529 18012 18518
1, 6, 4355 7261 14726 17300
1, 6, 4395 8677 11420 13705
1, 6, 4418 15165 16249 18527
1, 6, 443 1621 1677 16959
1, 6, 4441 6904 7009 11068 12283 18496
1, 6, 4441 6904 7009 9873 12283 18496
1, 6, 4485 7403 16520 18869
1, 6, 4514 9589 15019 18329
1, 6, 4538 5791 7039 7477 14978 16401
1, 6, 4538 5791 7039 7477 16401 17373
1, 6, 4574 5032 5437 6691 7530
1, 6, 4583 11874 14278 14310
1, 6, 475 5040 7807 11233
1, 6, 4828 9416 19277 19397
1, 6, 4897 11179 12500 14981
1, 6, 4897 5019 5844 11845 13716 15034
1, 6, 4897 5844 11179 11845 12500 13716 15034
1, 6, 4923 5694 10120 18168
1, 6, 4923 5694 14403 18168
1, 6, 4939 16744 17478 17723
1, 6, 4977 5709 15702 15974
1, 6, 5019 5844 9637 11845 13716 15034
1, 6, 5137 13626 13742 18464
1, 6, 5208 9470 9925 10472
1, 6, 530 6147 10702 11497
1, 6, 5311 15961 18803 19299
1, 6, 538 7362 10639 11462
1, 6, 5394 6340 7754 18927
1, 6, 5394 7754 8016 18927
1, 6, 5401 10666 19123 19243
1, 6, 5432 7746 11940 12675 17591
1, 6, 557 5892 10546 12540
1, 6, 557 5892 9293 12540
1, 6, 5585 15085 16780 19456
1, 6, 5598 5950 6019 7981
1, 6, 5614 11774 12063 12271 17465 17731
1, 6, 5674 7619 12270 12869
1, 6, 5679 15085 16780 19456
1, 6, 5690 6286 7718 13191
1, 6, 5750 6703 8134 11720 16463 18265
1, 6, 578 3081 6681 9624
1, 6, 5791 7039 7477 16401 17373 18484
1, 6, 5844 9637 11179 11845 12500 13716 15034
1, 6, 5926 14197 15380 15913
1, 6, 5936 6364 7062 11050
1, 6, 5950 6019 7981 9534
1, 6, 5974 10086 13544 14656
1, 6, 6027 10195 13885 16727
1, 6, 6136 9649 12722 18348
1, 6, 6152 9274 17783 18836
1, 6, 6161 10657 11582 16886
1, 6, 6180 12572 13513 16743 17563
1, 6, 6180 14361 16743 17563
1, 6, 621 1906 4441 6904 7009 9873 13814 18496
1, 6, 621 4441 6766 6904 7009 9873 13814 16340 18496
1, 6, 621 4441 6766 6904 7929 9873 13814 16340 18496
1, 6, 621 6766 6904 7929 9873 13814 16340 17166 18496
1, 6, 6256 6851 16302 18259
1, 6, 6256 6851 17446 18259
1, 6, 6259 14011 16782 17444
1, 6, 6259 16782 17444 18552
1, 6, 6393 8179 8328 19295
1, 6, 6464 11008 14349 14997
1, 6, 647 10404 13002 16112
1, 6, 651 2134 7716 8946 12641 15504 15834 16497
1, 6, 651 2134 8946 10103 15504 15834
1, 6, 6525 12512 12835 17973
1, 6, 6596 7168 7764 8291
1, 6, 6624 8298 11175 18675
1, 6, 6662 10431 12718 19434
1, 6, 6662 9031 10431 19434
1, 6, 6671 9475 10550 13654
1, 6, 6711 14599 17327 18049
1, 6, 6768 10361 11201 17055
1, 6, 6794 8042 12517 15804
1, 6, 6846 11121 11246 12647
1, 6, 687 1807 5403 6687
1, 6, 687 1807 6687 16135
1, 6, 6940 16705 18320 19296
1, 6, 7039 7477 15796 18484
1, 6, 7066 7347 12842 16109
1, 6, 712 1908 13311 18789
1, 6, 7142 9076 12542 13738
1, 6, 7185 9658 10752 14569
1, 6, 7220 15401 15770 18612
1, 6, 7421 7885 16749 19017
1, 6, 7446 10461 16256 17419 19081
1, 6, 7446 14980 16256 17419
1, 6, 7446 8917 10461 16256 17419
1, 6, 7481 14723 14747 17829
1, 6, 7481 8704 14723 17829
1, 6, 7526 12470 13873 18041 18235
1, 6, 757 2095 3078 13044
1, 6, 7589 12598 12899 16356
1, 6, 763 9124 10142 19106
1, 6, 7716 10557 12136 12641
1, 6, 7716 10557 12641 16497
1, 6, 7765 10602 12606 15999
1, 6, 7765 9207 10602 15999
1, 6, 7783 13759 16240 16714
1, 6, 7783 13759 16240 19387
1, 6, 7783 8741 12427 16044 16240 16641 16714
1, 6, 782 10847 10969 16731
1, 6, 7897 10424 13525 14316
1, 6, 7897 10424 14316 18660
1, 6, 7903 8090 10967 11380 13296
1, 6, 7998 15077 15690 15926
1, 6, 8051 9581 12991 13475
1, 6, 8156 8896 13782 15282
1, 6, 817 5411 5469 5976
1, 6, 8179 8328 9373 19295
1, 6, 825 10521 11800 14772 16791 17129 17726
1, 6, 825 10521 11800 16791 17129 17726 18995
1, 6, 825 7741 11800 16791
1, 6, 825 7741 11800 18995
1, 6, 8284 11634 13230 14161
1, 6, 8284 13230 14161 15401
1, 6, 835 1503 8816 15814
1, 6, 837 11361 12557 17472
1, 6, 838 1619 14590 19287
1, 6, 838 1619 7124 14590
1, 6, 838 1619 7124 19287
1, 6, 8484 8538 14952 17024 17961
1, 6, 8529 13541 18012 18518
1, 6, 853 8894 11670 13243
1, 6, 8583 9404 11011 11013
1, 6, 859 3796 5453 7240
1, 6, 8617 8820 11629 18506
1, 6, 8631 9797 13579 14934 19548
1, 6, 8677 10148 11420 13071 13760
1, 6, 8677 10148 11420 13071 18213
1, 6, 8677 10148 11420 13705
1, 6, 8677 11420 13705 18213
1, 6, 8752 9614 12541 14549 19471 19562
1, 6, 8752 9614 12541 16075 19471
1, 6, 8856 9862 10233 16968
1, 6, 8896 13782 15282 18199
1, 6, 8917 10461 16256 17419 19081
1, 6, 892 4690 8060 19457 19543
1, 6, 8941 10130 14255 14286 16367 17537 18602 19513
1, 6, 8941 10130 14255 14286 16367 18140 18602
1, 6, 8941 10130 14286 16367 17537 17607 18602 19513
1, 6, 8941 9191 9390 10130 12759 14255 14286 16367 17537 18602
1, 6, 8941 9191 9390 10130 12759 14286 16367 17537 17607 18602
1, 6, 8941 9390 10130 12759 14255 14286 16367 17537 17607 18602
1, 6, 897 2476 10068 11630
1, 6, 9028 10156 12085 14638 18844
1, 6, 9028 12085 14638 16219
1, 6, 9032 10378 10569 13937
1, 6, 9062 11315 16555 19093
1, 6, 9081 13759 14650 19360
1, 6, 9170 9898 11163 12643
1, 6, 9226 10148 13071 13760
1, 6, 9362 12928 19270 19536
1, 6, 9390 10130 12759 15314 17537 17607
1, 6, 9390 10130 14286 15314 17537 17607
1, 6, 9614 12541 14549 17434 19471 19562
1, 6, 962 6596 10732 19021
1, 6, 9658 10752 11154 12906 14569 15306
1, 6, 97 3211 4394 7351
1, 6, 9705 12760 13000 14093
1, 6, 974 4115 4335 5652 12287 18637
1, 6, 974 4335 5652 17834
1, 6, 974 4335 7038 12287 18637
1, 6, 974 4335 7038 8514
1, 6, 974 4335 8514 17834
1, 6, 979 4335 7038 12287
1, 6, 9826 10518 11696 15202 19020
2, 7, 10016 11355 14919 16609
2, 7, 1013 1098 5432 12675 17591
2, 7, 10130 15314 17537 17607 19513
2, 7, 10153 10521 16791 17624 18995
2, 7, 10153 10902 17624 18995
2, 7, 10156 14445 16616 18844
2, 7, 102 7006 8740 14556
2, 7, 10249 13532 16776 18511
2, 7, 10319 12211 14529 16605
2, 7, 10378 10569 13937 18843
2, 7, 10397 10693 15771 19388
2, 7, 10475 14124 14188 14264 16790
2, 7, 10475 14124 14264 16325 16790
2, 7, 1059 14434 15363 17046
2, 7, 10752 11154 15921 17785
2, 7, 1088 5661 5877 7319
2, 7, 10902 11509 13746 14130 15502
2, 7, 1099 11797 13110 17544 19397 19769
2, 7, 1099 11797 19277 19397
2, 7, 1099 17544 19277 19397
2, 7, 1099 4202 7338 11797 11838 13110 14168 17544 19769
2, 7, 11007 11352 13569 18813
2, 7, 11179 12500 13148 14981
2, 7, 1122 3202 3855 4136
2, 7, 1128 2201 6070 8151 11385
2, 7, 11297 12712 15162 19032
2, 7, 1141 3803 6776 11738
2, 7, 11451 14865 14966 15411 16000 18662
2, 7, 11578 11774 12063 12271 14290 17465 17693 17731
2, 7, 11578 12572 13513 14290 17693
2, 7, 1162 7613 13796 15888 16344
2, 7, 1175 2613 6834 15761
2, 7, 1187 3525 5281 8667 15606
2, 7, 11898 12992 13948 18719
2, 7, 12369 16778 17067 18176
2, 7, 1261 1498 6997 18680
2, 7, 131 1650 11817 18253
2, 7, 13294 13884 14886 16507
2, 7, 1346 5438 5891 8994
2, 7, 1346 5438 8994 13718
2, 7, 13612 14757 15048 19210
2, 7, 13626 13742 16169 18464
2, 7, 1384 16025 18088 19160
2, 7, 1400 10156 12085 18844
2, 7, 1400 12085 14638 16219
2, 7, 1400 7249 10156 18844
2, 7, 1400 7249 12085 18844
2, 7, 1400 7249 9707 16699
2, 7, 1414 2537 8997 12483 15880 18732 18898 19570
2, 7, 142 824 1204 2778 9945
2, 7, 1465 10227 17671 17857
2, 7, 1507 7961 8495 9013 13145
2, 7, 1513 4258 8266 19750
2, 7, 15529 15642 16060 16066
2, 7, 1570 2218 3863 6996 13301 19513
2, 7, 1570 2218 6996 13301 15314 19513
2, 7, 1570 2713 3863 13301
2, 7, 1575 7520 9310 11714
2, 7, 1587 2151 2874 18967
2, 7, 15921 16409 17785 18766
2, 7, 1604 3640 8105 17544
2, 7, 1604 3658 10153 10521 17624 18995
2, 7, 1610 12560 14165 18344
2, 7, 1615 6814 14381 19694
2, 7, 1636 11352 13569 18813
2, 7, 1640 2245 4394 7351 17230
2, 7, 1640 2245 9698 17230
2, 7, 1640 3211 4394 7351 17230
2, 7, 1640 7351 10458 17230
2, 7, 1646 6364 7062 11050 12245
2, 7, 1646 6364 7062 12245 13504
2, 7, 1646 7062 12245 13269 13504
2, 7, 167 881 4608 9173
2, 7, 16778 17067 18176 19085
2, 7, 1691 2862 5801 6031 18817
2, 7, 1696 5381 6563 16706
2, 7, 1702 3499 15184 18766
2, 7, 1765 10697 11451 14865 14966 15411 16000
2, 7, 1824 3518 3781 14679
2, 7, 1827 15529 16060 16066
2, 7, 1846 5198 6332 7208
2, 7, 1846 5198 7208 17275
2, 7, 1851 4105 10883 18354 19624
2, 7, 1863 7790 11969 16978
2, 7, 189 4116 14294 18001
2, 7, 189 9787 14294 18001
2, 7, 1890 4315 6414 12845
2, 7, 1890 6414 12845 13016
2, 7, 1906 4441 6904 7009 11068 12283
2, 7, 1906 4441 6904 7009 9873 12283 18496
2, 7, 1906 4441 7415 11068
2, 7, 1985 2531 4739 12334
2, 7, 2003 10475 14188 14264 16325 16790
2, 7, 2003 2095 3078 5733 13044 14124 14264 16325 16790
2, 7, 2003 3020 3078 5733 13044 14264 16325 16790
2, 7, 2031 7526 12470 18041
2, 7, 2037 3567 4308 6774 9830
2, 7, 2037 4308 6774 15573
2, 7, 2037 6774 12965 15573
2, 7, 2069 7288 10553 13112 13493
2, 7, 2083 8301 16126 19479
2, 7, 2087 2450 3749 5424
2, 7, 2109 6736 10499 14335 17191
2, 7, 2116 11030 13025 15656
2, 7, 2127 2579 12868 13537
2, 7, 2127 2579 3158 12197 12868
2, 7, 2127 2579 3158 5032 6691 12197
2, 7, 2127 3158 12197 12868 13537
2, 7, 2127 3158 4574 5032 6691 7530 12197 19421
2, 7, 2134 5596 8946 10103 15504
2, 7, 2139 4916 5572 19085
2, 7, 2139 4916 5572 7355
2, 7, 2186 4786 6153 14111
2, 7, 2194 9494 10203 17763
2, 7, 2218 6996 15314 17537 17607 19513
2, 7, 2222 3555 16883 19349
2, 7, 226 912 4985 5514
2, 7, 2294 3688 8184 8658 13077
2, 7, 2294 3688 8658 19739
2, 7, 2307 4172 6874 10409
2, 7, 2360 7901 9829 10822 17039
2, 7, 2404 2868 6172 13170
2, 7, 2510 5395 16091 16881
2, 7, 2514 6766 7929 9054 13814 16340 17166
2, 7, 2514 8895 9054 17166
2, 7, 2540 2899 6864 8444
2, 7, 268 5750 6703 11720 16463
2, 7, 2713 3863 13301 19513
2, 7, 2723 11726 13973 14869 15762
2, 7, 2723 8530 13973 14869
2, 7, 2783 3215 8741 9805 15033 16240 16641 16849 19387
2, 7, 2783 7783 8741 9805 15033 16240 16641 16714 19387
2, 7, 2783 7783 8741 9805 15033 16240 16641 16849 19387
2, 7, 2783 8741 9081 9805 13759 15033 16240 16641 19387
2, 7, 2783 8741 9081 9805 15033 16240 16641 16849 19387
2, 7, 2783 9081 9805 13759 14650 15033 19387
2, 7, 2787 12179 13228 14254
2, 7, 2840 3514 13069 17893
2, 7, 2862 5801 9891 18817
2, 7, 2862 9891 15917 18817
2, 7, 2878 15701 17669 18179
2, 7, 2908 5463 8395 11253 15262
2, 7, 2948 5240 6554 17094
2, 7, 297 11451 14865 15411
2, 7, 297 2122 2224 11451 13909 15411
2, 7, 297 2122 2224 11492 12178 13909
2, 7, 3015 3796 5453 10599 13420
2, 7, 3054 3962 4404 4676 12378
2, 7, 3054 4676 5418 12378
2, 7, 3062 13551 15908 18028
2, 7, 3062 3216 15908 18028
2, 7, 3094 5045 7773 10680
2, 7, 3094 7773 10680 15290
2, 7, 3215 5434 10475 14188 14264 16325 16790
2, 7, 3215 5434 7783 8741 16240 16641 16714
2, 7, 3215 5434 8741 9805 10475 14188 16240 16641
2, 7, 3215 5434 8741 9805 16240 16641 16714
2, 7, 3215 5434 8741 9805 16240 16641 16849 19387
2, 7, 3215 7783 8741 9805 16240 16641 16714
2, 7, 322 1282 2881 11471
2, 7, 3223 4684 6525 12512 12835 14044
2, 7, 3272 14434 15363 17046
2, 7, 3275 7220 15401 18612
2, 7, 3288 4424 6155 11662 18912
2, 7, 329 1099 4202 14168 17544 19769
2, 7, 329 1604 3640 3658 9416 11764
2, 7, 329 1604 3640 4202 17544
2, 7, 329 1604 3640 9416 11764 17544
2, 7, 329 3640 4202 7338 11838 14168 17544 19769
2, 7, 329 3640 4202 7338 8105 11838 14168 17544
2, 7, 329 3640 4202 7338 9416 11838 14168 17544
2, 7, 329 3640 9416 11764 17544 19277 19397
2, 7, 337 4701 14679 15329
2, 7, 3403 17633 19261 19316
2, 7, 3417 10794 17542 18746
2, 7, 342 1488 3366 5548
2, 7, 342 3366 3473 5548 18648
2, 7, 3495 4627 8885 11039 16655
2, 7, 3506 10834 16588 17855
2, 7, 3512 6337 12427 12868 13537 14404 16044
2, 7, 3512 6337 12427 13537 14404 16044 16724
2, 7, 3512 6337 7783 12427 13537 14404 16044 16714
2, 7, 3512 6337 7783 12427 14404 16044 16240 16714
2, 7, 3512 6337 7783 12427 16044 16240 16641 16714
2, 7, 3521 4132 8214 9468
2, 7, 3543 4697 5140 10328
2, 7, 3620 5750 6703 16463 16765 18265
2, 7, 3620 5750 6703 8134 16463 18265
2, 7, 3620 5750 8134 8219 8609 16463 18063 18265
2, 7, 3620 5750 8219 8609 16463 16765 18063 18265
2, 7, 3620 7639 8219 16765
2, 7, 3638 6257 9497 12342 14227
2, 7, 3675 4656 10501 10984
2, 7, 3688 7847 12916 15638 19739
2, 7, 3688 7847 8658 12916 19739
2, 7, 3720 10591 17908 18311
2, 7, 3796 5453 7240 13420
2, 7, 3866 8688 11523 16766
2, 7, 387 2783 8741 9081 9805 14650 15033 16849 19387
2, 7, 387 2783 8741 9805 15033 16641 16849 19387
2, 7, 3899 7717 16179 16310
2, 7, 3904 6624 8298 10275 18675
2, 7, 3926 5355 5876 14599 17327 18049
2, 7, 3932 7455 7854 15853
2, 7, 3962 4404 4676 9435 12378
2, 7, 3989 9006 9311 14753
2, 7, 4006 4662 6767 8687
2, 7, 4034 4923 5694 10120 14403
2, 7, 407 490 1247 19203
2, 7, 4071 7308 8770 9660
2, 7, 410 3145 6914 17173
2, 7, 4115 5652 17916 19807
2, 7, 4159 4751 11730 14650
2, 7, 4159 9081 11730 14650
2, 7, 4202 7338 7355 7741 8105 11838 14168
2, 7, 4202 7338 8105 11838 14168 17544 19769
2, 7, 4268 4563 9897 11112 13891 19309
2, 7, 4304 11791 14693 15391
2, 7, 4325 8529 18012 18518
2, 7, 4355 7261 14726 17300
2, 7, 4395 8677 11420 13705
2, 7, 4404 4676 12378 17337
2, 7, 4418 15165 16249 18527
2, 7, 443 1621 1677 16959
2, 7, 4485 7403 16520 18869
2, 7, 4514 9589 15019 18329
2, 7, 4538 5791 7039 7477 14978 16401 17373
2, 7, 4574 5032 5437 6691 7530
2, 7, 4583 11874 14278 14310
2, 7, 475 5040 7807 11233
2, 7, 4758 7639 8219 16765
2, 7, 4828 9416 19277 19397
2, 7, 489 1797 13403 15012
2, 7, 4897 11179 12500 14981
2, 7, 4897 5019 5844 11845 13716 15034
2, 7, 4897 5844 11179 11845 12500 13716 15034
2, 7, 4923 5694 10120 18168
2, 7, 4923 5694 14403 18168
2, 7, 4939 16744 17478 17723
2, 7, 4960 6744 9588 18328
2, 7, 4977 5709 15702 15974
2, 7, 5019 5844 9637 11845 13716 15034
2, 7, 5090 5591 12780 18840
2, 7, 5137 13626 13742 18464
2, 7, 5208 9470 9925 10472
2, 7, 530 6147 10702 11497
2, 7, 5311 15961 18803 19299
2, 7, 538 7362 10639 11462
2, 7, 5394 6340 7754 18927
2, 7, 5394 7754 8016 18927
2, 7, 5401 10666 19123 19243
2, 7, 5432 7746 11940 12675 17591
2, 7, 5500 10430 15467 18628
2, 7, 557 5892 10546 12540
2, 7, 557 5892 9293 12540
2, 7, 5598 5950 6019 7981
2, 7, 5614 11774 12063 12271 17465 17731
2, 7, 5674 7619 12270 12869
2, 7, 5679 15085 16780 19456
2, 7, 5690 6286 7718 13191
2, 7, 5750 6703 8134 11720 16463 18265
2, 7, 578 3081 6681 9624
2, 7, 5791 7039 7477 16401 17373 18484
2, 7, 5844 9637 11179 11845 12500 13716 15034
2, 7, 5936 6364 7062 11050
2, 7, 5950 6019 7981 9534
2, 7, 5974 10086 13544 14656
2, 7, 6027 10195 13885 16727
2, 7, 6136 9649 12722 18348
2, 7, 6152 9274 17783 18836
2, 7, 6161 10657 11582 16886
2, 7, 6180 12572 13513 16743 17563
2, 7, 6180 14361 16743 17563
2, 7, 621 1906 4441 6904 7009 9873 13814 18496
2, 7, 621 2514 6766 7929 13814 16340 17166
2, 7, 621 4441 6766 6904 7009 9873 13814 16340 18496
2, 7, 621 4441 6766 6904 7929 9873 13814 16340 18496
2, 7, 621 6766 6904 7929 9873 13814 16340 17166 18496
2, 7, 6237 9866 12386 13144
2, 7, 6256 6851 16302 18259
2, 7, 6256 6851 17446 18259
2, 7, 6259 14011 16782 17444
2, 7, 6259 16782 17444 18552
2, 7, 6280 14952 16703 17961
2, 7, 6393 8179 8328 19295
2, 7, 6464 11008 14349 14997
2, 7, 647 10404 13002 16112
2, 7, 651 2134 7716 8946 12641 15504 15834 16497
2, 7, 651 2134 8946 10103 15504 15834
2, 7, 6525 12512 12835 17973
2, 7, 6525 9044 12512 17973
2, 7, 6596 7168 7764 8291
2, 7, 6624 8298 11175 18675
2, 7, 6662 10431 12718 19434
2, 7, 6662 9031 10431 19434
2, 7, 6671 9475 10550 13654
2, 7, 6711 14599 17327 18049
2, 7, 6768 10361 11201 17055
2, 7, 6794 8042 12517 15804
2, 7, 6846 11121 11246 12647
2, 7, 687 1807 5403 6687
2, 7, 687 1807 6687 16135
2, 7, 7039 7477 15796 18484
2, 7, 7066 7347 12842 16109
2, 7, 712 1908 13311 18789
2, 7, 7142 9076 12542 13738
2, 7, 7168 7764 8291 14593
2, 7, 7185 9658 10752 14569
2, 7, 7220 15401 15770 18612
2, 7, 7421 7885 16749 19017
2, 7, 7446 10461 16256 17419 19081
2, 7, 7446 14980 16256 17419
2, 7, 7446 8917 10461 16256 17419
2, 7, 7481 14723 14747 17829
2, 7, 7481 8704 14723 17829
2, 7, 7526 12470 13873 18041 18235
2, 7, 757 2095 3078 5733 13044
2, 7, 7589 12598 12899 16356
2, 7, 763 9124 10142 19106
2, 7, 7716 10557 12136 12641 16497
2, 7, 7765 10602 12606 15999
2, 7, 7765 9207 10602 15999
2, 7, 7783 13759 16240 16641 16714
2, 7, 7783 8741 16044 16240 16641 16714
2, 7, 782 10847 10969 16731
2, 7, 7897 10424 13525 14316
2, 7, 7897 10424 14316 18660
2, 7, 7903 8090 10967 11380 13296
2, 7, 7998 15077 15690 15926
2, 7, 8051 9581 12991 13475
2, 7, 8156 8896 13782 15282
2, 7, 817 5411 5469 5976
2, 7, 8203 9471 10005 18515
2, 7, 825 10521 11800 14772 16791 17129 17726
2, 7, 825 10521 11800 16791 17129 17726 18995
2, 7, 825 7741 11800 16791 18995
2, 7, 8284 11634 13230 14161
2, 7, 8284 13230 14161 15401
2, 7, 835 1503 8816 15814
2, 7, 837 11361 12557 17472
2, 7, 838 1619 7124 14590 19287
2, 7, 8408 9630 13094 13325
2, 7, 8484 8538 14952 17024 17961
2, 7, 8529 13541 18012 18518
2, 7, 853 8894 11670 13243
2, 7, 8583 9404 11011 11013
2, 7, 8617 8820 11629 18506
2, 7, 8631 9797 13579 14934 19548
2, 7, 8677 10148 11420 13071 13760 18213
2, 7, 8677 10148 11420 13705 18213
2, 7, 8752 9614 12541 14549 19471 19562
2, 7, 8752 9614 12541 16075 19471
2, 7, 8856 9862 10233 16968
2, 7, 8896 13782 15282 18199
2, 7, 8917 10461 16256 17419 19081
2, 7, 892 4690 8060 19457 19543
2, 7, 8941 10130 14255 14286 16367 17537 18602 19513
2, 7, 8941 10130 14286 16367 17537 17607 18602 19513
2, 7, 8941 9191 9390 10130 12759 14255 14286 16367 17537 18602
2, 7, 8941 9191 9390 10130 12759 14286 17537 17607 18602
2, 7, 8941 9390 10130 12759 14286 16367 17537 17607 18602
2, 7, 8941 9390 10130 14255 14286 16367 18140 18602
2, 7, 9028 10156 12085 14638 18844
2, 7, 9028 12085 14638 16219
2, 7, 9062 11315 16555 19093
2, 7, 9081 13759 14650 19360
2, 7, 9170 9898 11163 12643
2, 7, 9226 10148 13071 13760
2, 7, 9226 10148 13071 18213
2, 7, 9362 12928 19270 19536
2, 7, 9390 10130 12759 15314 17537 17607
2, 7, 9614 12541 14549 17434 19471 19562
2, 7, 962 6596 10732 19021
2, 7, 9658 10752 11154 12906 14569 15306
2, 7, 97 3211 4394 7351
2, 7, 9705 12760 13000 14093
2, 7, 974 4115 4335 5652 12287 18637
2, 7, 974 4335 5652 17834
2, 7, 974 4335 7038 12287 18637
2, 7, 974 4335 7038 8514
2, 7, 974 4335 8514 17834
2, 7, 979 4335 7038 12287
2, 7, 979 7038 12287 18637
2, 7, 9826 10518 11696 14401 15202 19020
3, 8, 10016 11355 14919 16609
3, 8, 1013 1098 5432 12675 17591
3, 8, 10130 15314 17537 17607 19513
3, 8, 10153 10521 10902 17624
3, 8, 10153 10521 16791 17624 18995
3, 8, 10156 14445 16616 18844
3, 8, 102 7006 8740 14556
3, 8, 10249 13532 16776 18511
3, 8, 10319 12211 14529 16605
3, 8, 10378 10569 13937 18843
3, 8, 10397 10693 15771 19388
3, 8, 10475 14124 14188 14264 16325 16790
3, 8, 10521 10902 17624 18995
3, 8, 1059 14434 15363 17046
3, 8, 1088 5661 5877 7319
3, 8, 10902 11509 13746 14130 15502
3, 8, 1099 11797 13110 17544 19397 19769
3, 8, 1099 17544 19277 19397
3, 8, 1099 4202 7338 11797 11838 13110 14168 17544 19769
3, 8, 11007 11352 13569 18813
3, 8, 11123 13792 17619 19748
3, 8, 11179 12500 13148 14981
3, 8, 1122 3202 3855 4136
3, 8, 1128 2201 6070 8151 11385
3, 8, 11297 12712 15162 19032
3, 8, 1141 3803 6776 11738
3, 8, 11451 14865 14966 15411 16000 18662
3, 8, 11578 11774 12063 12271 14290 17465 17693 17731
3, 8, 11578 12063 13513 14290 17693
3, 8, 11578 12572 13513 14290 17693
3, 8, 1162 7613 13796 15888 16344
3, 8, 1175 2613 6834 15761
3, 8, 1187 3525 5281 8667 15606
3, 8, 11898 12992 13948 18719
3, 8, 12369 16778 17067 18176
3, 8, 1261 1498 6997 18680
3, 8, 131 1650 11817 18253
3, 8, 13294 13884 14886 16507
3, 8, 1346 5438 5891 8994
3, 8, 1346 5438 8994 13718 19892
3, 8, 13612 14757 15048 19210
3, 8, 13626 13742 16169 18464
3, 8, 1400 10156 12085 18844
3, 8, 1400 12085 14638 16219
3, 8, 1400 12085 14638 18844
3, 8, 1400 7249 10156 18844
3, 8, 1400 7249 12085 18844
3, 8, 1400 7249 9707 16699
3, 8, 1414 2537 8997 12483 15880 18732 18898 19570
3, 8, 142 824 1204 2778 9945
3, 8, 1465 10227 17671 17857
3, 8, 1507 7961 8495 9013 13145
3, 8, 1513 4258 8266 19750
3, 8, 15529 15642 16060 16066
3, 8, 1570 2218 3863 6996 13301 19513
3, 8, 1570 2218 6996 13301 15314 19513
3, 8, 1570 2713 3863 13301
3, 8, 1575 7520 9310 11714
3, 8, 1587 2151 2874 18967
3, 8, 15921 16409 17785 18766
3, 8, 1604 3640 8105 17544
3, 8, 1604 3658 10153 10521 17624
3, 8, 1610 12560 14165 18344
3, 8, 1615 6814 14381 19694
3, 8, 1636 11352 13569 18813
3, 8, 1640 2245 4394 7351 17230
3, 8, 1640 2245 9698 17230
3, 8, 1640 3211 4394 7351 17230
3, 8, 1640 7351 10458 17230
3, 8, 1646 6364 7062 11050 12245
3, 8, 1646 6364 7062 12245 13504
3, 8, 1646 7062 12245 13269 13504
3, 8, 167 881 4608 9173
3, 8, 16778 17067 18176 19085
3, 8, 1691 2862 5801 6031 18817
3, 8, 1696 5381 6563 16706
3, 8, 1702 3499 15184 18766
3, 8, 1765 10697 11451 14865 14966 15411 16000
3, 8, 1824 3518 3781 14679
3, 8, 1827 15529 16060 16066
3, 8, 1846 5198 6332 7208
3, 8, 1846 5198 7208 17275
3, 8, 1851 4105 10883 18354 19624
3, 8, 1863 7790 11969 16978
3, 8, 189 4116 14294 18001
3, 8, 189 9787 14294 18001
3, 8, 1890 4315 6414 12845 13016
3, 8, 1906 4441 6904 7009 9873 12283 18496
3, 8, 1906 4441 7009 11068 12283
3, 8, 1906 4441 7415 11068
3, 8, 2003 2095 3078 5733 13044 14124 14264 16325 16790 19895
3, 8, 2003 3020 3078 5733 13044 14264 16325 16790 19895
3, 8, 2003 3215 5434 10475 14188 14264 16325 16790
3, 8, 2031 7526 12470 18041
3, 8, 2037 3567 4308 6774 9830
3, 8, 2037 4308 6774 15573
3, 8, 2037 6774 12965 15573
3, 8, 2069 7288 10553 13112 13493
3, 8, 2083 8301 16126 19479
3, 8, 2087 2450 3749 5424
3, 8, 2109 6736 10499 14335 17191
3, 8, 2116 11030 13025 15656
3, 8, 2127 2579 12868 13537
3, 8, 2127 2579 3158 12197 12868
3, 8, 2127 2579 3158 5032 6691 12197
3, 8, 2127 3158 12197 13537
3, 8, 2127 3158 12868 13537
3, 8, 2127 3158 4574 5032 6691 7530 12197 19421
3, 8, 2134 5596 8946 10103 15504
3, 8, 2139 4916 5572 19085
3, 8, 2139 4916 5572 7355
3, 8, 2186 4786 6153 14111
3, 8, 2194 9494 10203 17763
3, 8, 2218 6996 15314 17537 17607 19513
3, 8, 2222 3555 16883 19349
3, 8, 226 912 4985 5514
3, 8, 2294 3688 8184 8658 13077
3, 8, 2294 3688 8658 19739
3, 8, 2307 4172 4313 10409
3, 8, 2307 4172 6874 10409
3, 8, 2360 7901 9829 10822 17039
3, 8, 2404 2868 6172 13170
3, 8, 2486 5041 13051 16287
3, 8, 2510 5395 16091 16881
3, 8, 2514 6766 7929 9054 13814 16340 17166
3, 8, 2514 8895 9054 17166
3, 8, 2540 2899 6864 8444
3, 8, 2546 4470 15316 16514
3, 8, 268 5750 6703 11720 16463
3, 8, 2713 3863 13301 19513
3, 8, 2723 11726 13973 14869 15762
3, 8, 2723 8530 13973 14869
3, 8, 2740 4325 18012 18518
3, 8, 2740 4325 8529 18518
3, 8, 2783 3215 8741 9805 15033 16240 16641 16849 19387
3, 8, 2783 7783 8741 9805 15033 16240 16641 16714 19387
3, 8, 2783 8741 9081 9805 13759 15033 16240 16641 19387
3, 8, 2783 8741 9081 9805 15033 16240 16641 16849 19387
3, 8, 2783 9081 13759 14650 15033 19387 19880
3, 8, 2783 9081 9805 13759 14650 15033 19387
3, 8, 2787 12179 13228 14254
3, 8, 2840 3514 13069 17893
3, 8, 2862 5801 9891 18817
3, 8, 2862 9891 15917 18817
3, 8, 2878 15701 17669 18179
3, 8, 2908 5463 8395 11253 15262
3, 8, 2948 5240 6554 17094
3, 8, 297 11451 14865 14966 15411
3, 8, 297 2122 2224 11451 15411
3, 8, 297 2122 2224 11492 12178
3, 8, 297 2122 2224 11492 13909
3, 8, 297 2122 2224 13909 15411
3, 8, 3015 3796 5453 10599 13420
3, 8, 3054 3962 4404 4676 12378
3, 8, 3054 4676 5418 12378
3, 8, 3062 13551 15908 18028
3, 8, 3062 3216 15908 18028
3, 8, 3094 5045 7773 10680
3, 8, 3094 7773 10680 15290
3, 8, 3215 5434 8741 9805 10475 14188 16240 16641
3, 8, 3215 5434 8741 9805 16240 16641 16849 19387
3, 8, 3215 7783 8741 9805 16240 16641 16714
3, 8, 322 1282 2881 11471
3, 8, 3223 4684 6525 12512 12835 14044
3, 8, 3272 14434 15363 17046
3, 8, 3275 7220 15401 18612
3, 8, 3288 4424 6155 11662 18912
3, 8, 329 1099 4202 11838 14168 17544 19769
3, 8, 329 1604 3640 3658 11764
3, 8, 329 1604 3640 4202 17544
3, 8, 329 1604 3640 9416 11764 17544
3, 8, 329 3640 4202 7338 8105 11838 14168 17544
3, 8, 329 3640 4202 9416 11838 14168 17544
3, 8, 329 3640 9416 11764 17544 19277 19397
3, 8, 329 4202 7338 11838 14168 17544 19769
3, 8, 337 4701 14679 15329
3, 8, 3403 17633 19261 19316
3, 8, 3417 10794 17542 18746
3, 8, 342 1488 3366 5548
3, 8, 342 3366 3473 5548 18648
3, 8, 3495 4627 8885 11039 16655
3, 8, 3506 10834 16588 17855
3, 8, 3512 6337 12427 12868 13537 14404 16044
3, 8, 3512 6337 12427 13537 14404 16044 16724
3, 8, 3512 6337 12427 14404 16044 16714 16724
3, 8, 3512 6337 7783 12427 13537 14404 16044 16714
3, 8, 3512 6337 7783 12427 14404 16044 16240 16714
3, 8, 3512 6337 7783 12427 16044 16240 16641 16714
3, 8, 3543 4697 5140 10328
3, 8, 3607 11379 19685 19951
3, 8, 3620 5750 6703 16463 16765 18265
3, 8, 3620 5750 6703 8134 16463 18265
3, 8, 3620 5750 8134 8219 16463 18063 18265
3, 8, 3620 5750 8134 8219 8609 16765 18063 18265
3, 8, 3620 5750 8134 8609 16463 18063 18265
3, 8, 3620 5750 8219 16463 16765 18063 18265
3, 8, 3620 5750 8609 16463 16765 18063 18265
3, 8, 3620 7639 8219 16765
3, 8, 3638 6257 9497 12342 14227
3, 8, 3658 10153 10521 17624 18995
3, 8, 3675 4656 10501 10984
3, 8, 3678 4389 8250 19971
3, 8, 3688 7847 12916 15638 19739
3, 8, 3688 7847 8658 12916 19739
3, 8, 3713 3763 5103 11561
3, 8, 3720 10591 17908 18311
3, 8, 3796 5453 7240 13420
3, 8, 3866 8688 11523 16766
3, 8, 387 2783 8741 9081 9805 14650 15033 16849 19387
3, 8, 3899 7717 16179 16310
3, 8, 3904 6624 8298 10275
3, 8, 3904 6624 8298 18675
3, 8, 3926 5355 5671 14599
3, 8, 3926 5355 5876 14599 17327 18049
3, 8, 3932 7455 7854 15853
3, 8, 3962 4404 4676 9435 12378
3, 8, 3989 9006 9311 14753
3, 8, 4006 4662 6767 8687
3, 8, 4034 4923 5694 10120 14403
3, 8, 407 490 1247 19203
3, 8, 4071 7308 8770 9660
3, 8, 410 3145 6914 17173
3, 8, 4115 5652 17916 19807
3, 8, 4153 10421 13712 16403
3, 8, 4159 4751 11730 14650
3, 8, 4159 9081 11730 14650 19880
3, 8, 4202 7338 7355 7741 8105 11838 14168
3, 8, 4202 7338 8105 11838 14168 17544 19769
3, 8, 4268 4563 9897 11112 13891 19309
3, 8, 4304 11791 14693 15391
3, 8, 4325 8529 18012 18518
3, 8, 4341 6568 15484 18094
3, 8, 4355 7261 14726 17300
3, 8, 4404 4676 12378 17337
3, 8, 4418 15165 16249 18527
3, 8, 443 1621 1677 16959
3, 8, 4485 7403 16520 18869
3, 8, 4514 9589 15019 18329
3, 8, 4538 5791 7039 7477 14978 16401
3, 8, 4538 5791 7477 14978 16401 17373
3, 8, 4574 5032 5437 6691 7530
3, 8, 4583 11874 14278 14310
3, 8, 475 5040 7807 11233
3, 8, 4757 4774 11228 11388
3, 8, 4758 7639 8219 16765
3, 8, 4828 9416 19277 19397
3, 8, 489 1797 13403 15012
3, 8, 4897 11179 12500 13716 14981
3, 8, 4897 5019 5844 11845 13716 15034
3, 8, 4897 5844 11179 11845 12500 13716 15034
3, 8, 4923 5694 10120 18168
3, 8, 4923 5694 14403 18168
3, 8, 4960 6744 9588 18328
3, 8, 4977 5709 15702 15974
3, 8, 5019 5844 9637 11845 13716 15034
3, 8, 5090 5591 12780 18840 19887
3, 8, 5137 13626 13742 18464
3, 8, 5208 9470 9925 10472
3, 8, 530 6147 10702 11497
3, 8, 5311 15961 18803 19299
3, 8, 538 7362 10639 11462
3, 8, 5394 6340 7754 18927
3, 8, 5394 7754 8016 18927
3, 8, 5401 10666 19123 19243
3, 8, 5432 7746 11940 12675 17591
3, 8, 5434 10475 14124 14188 14264 16790
3, 8, 5500 10430 15467 18628
3, 8, 557 5892 10546 12540
3, 8, 5598 5950 6019 7981 9534
3, 8, 5614 11774 12063 12271 17465 17731
3, 8, 5674 7619 12270 12869
3, 8, 5679 15085 16780 19456
3, 8, 5690 6286 7718 13191
3, 8, 5750 6703 8134 11720 16463 18265
3, 8, 578 3081 6681 9624
3, 8, 5791 7039 7477 14978 16401 17373
3, 8, 5791 7039 7477 16401 18484
3, 8, 5791 7477 16401 17373 18484
3, 8, 5844 9637 11179 11845 12500 13716 15034
3, 8, 5936 6364 7062 11050
3, 8, 5974 10086 13544 14656
3, 8, 6027 10195 13885 16727
3, 8, 6136 9649 12722 18348
3, 8, 6152 9274 17783 18836
3, 8, 6161 10657 11582 16886
3, 8, 6180 12572 13513 16743 17563
3, 8, 6180 14361 16743 17563
3, 8, 621 1906 4441 6904 7009 9873 18496
3, 8, 621 1906 4441 6904 9873 13814 16340 18496
3, 8, 621 2514 6766 7929 13814 16340 17166
3, 8, 621 4441 6766 6904 7009 9873 13814 16340 18496
3, 8, 621 4441 6766 6904 7929 9873 13814 16340 18496
3, 8, 621 6766 6904 7929 9873 13814 16340 17166 18496
3, 8, 6237 9866 12386 13144
3, 8, 6256 6851 16302 18259
3, 8, 6256 6851 17446 18259
3, 8, 6259 14011 16782 17444
3, 8, 6259 16782 17444 18552
3, 8, 6393 8179 8328 19295
3, 8, 6464 11008 14349 14997
3, 8, 647 10404 13002 16112
3, 8, 651 2134 7716 8946 12641 15504 15834 16497
3, 8, 651 2134 8946 10103 15504 15834
3, 8, 6525 12512 12835 17973
3, 8, 6525 9044 12512 17973
3, 8, 6596 7168 7764 8291
3, 8, 6624 8298 10275 18675
3, 8, 6624 8298 11175 18675
3, 8, 6662 9031 10431 19434
3, 8, 6671 9475 10550 13654
3, 8, 6711 14599 17327 18049
3, 8, 6768 10361 11201 17055
3, 8, 6794 8042 12517 15804
3, 8, 6846 11121 11246 12647
3, 8, 685 8835 9827 15110
3, 8, 687 1807 5403 6687
3, 8, 687 1807 6687 16135
3, 8, 7039 7477 15796 18484
3, 8, 712 1908 13311 18789
3, 8, 7142 9076 12542 13738
3, 8, 7168 7764 8291 14593
3, 8, 7185 9658 10752 11154 14569
3, 8, 7220 15401 15770 18612
3, 8, 7421 7885 16749 19017
3, 8, 7446 10461 16256 17419
3, 8, 7446 14980 16256 17419
3, 8, 7446 16256 17419 19081
3, 8, 7481 14723 14747 17829
3, 8, 7526 12470 13302 13873
3, 8, 7526 12470 13873 18041 18235
3, 8, 757 2095 3078 5733 13044 19895
3, 8, 757 2095 3078 5733 14124 19895
3, 8, 7589 12598 12899 16356
3, 8, 763 9124 10142 19106
3, 8, 7716 10557 12136 12641 16497
3, 8, 7765 10602 12606 15999
3, 8, 7765 9207 10602 15999
3, 8, 7783 13759 16240 16641
3, 8, 782 10847 10969 16731
3, 8, 7897 10424 13525 14316 18660
3, 8, 7903 8090 10967 11380 13296
3, 8, 7998 15077 15690 15926
3, 8, 8051 9581 12991 13475
3, 8, 8156 8896 13782 15282
3, 8, 8203 9471 10005 18515
3, 8, 825 10521 11800 14772 16791 17129 17726 18995
3, 8, 825 7741 11800 14772 17129
3, 8, 825 7741 11800 16791 17129
3, 8, 825 7741 11800 16791 18995
3, 8, 8284 11634 13230 14161 19856
3, 8, 8284 13230 14161 15401 19856
3, 8, 8284 13230 14161 19856 19920
3, 8, 8284 13230 15401 19920
3, 8, 835 1503 8816 15814
3, 8, 837 11361 12557 17472
3, 8, 838 1619 7124 14590 19287
3, 8, 8408 9630 13094 13325
3, 8, 8484 14952 17024 17961
3, 8, 8484 8538 14952 17024
3, 8, 8529 13541 18012 18518
3, 8, 853 8894 11670 13243
3, 8, 8530 13973 14869 17849
3, 8, 8583 9404 11011 11013
3, 8, 8617 8820 11629 18506
3, 8, 8631 9797 13579 14934 19548
3, 8, 8677 10148 11420 13071 13705 18213
3, 8, 8677 10148 11420 13071 13760 18213
3, 8, 8752 9614 12541 14549 19471 19562
3, 8, 8752 9614 12541 16075 19471
3, 8, 8856 9862 10233 16968
3, 8, 8877 13088 13790 17856
3, 8, 8896 13782 15282 18199
3, 8, 8914 9604 19047 19535
3, 8, 8917 10461 16256 17419 19081
3, 8, 892 4690 8060 19457 19543
3, 8, 8941 10130 14255 14286 16367 17537 18602 19513
3, 8, 8941 10130 14286 16367 17537 17607 18602 19513
3, 8, 8941 9191 9390 10130 12759 14255 14286 16367 17537 18602
3, 8, 8941 9390 10130 12759 14255 14286 16367 18140 18602
3, 8, 8941 9390 10130 12759 14286 16367 17537 17607 18602
3, 8, 897 4964 11630 12371
3, 8, 9028 10156 12085 14638 18844
3, 8, 9028 12085 14638 16219
3, 8, 9062 11315 16555 19093
3, 8, 9081 13759 14650 19360 19880
3, 8, 9170 9898 11163 12643
3, 8, 9191 9390 10130 12759 14286 17537 17607 18602
3, 8, 9226 10148 13071 13760
3, 8, 9226 10148 13071 18213
3, 8, 9362 12928 19270 19536
3, 8, 9390 10130 12759 15314 17537 17607
3, 8, 9614 12541 14549 17434 19471 19562
3, 8, 962 6596 10732 19021
3, 8, 962 6596 7764 8291
3, 8, 9658 10752 11154 12906 14569 15306
3, 8, 97 3211 4394 7351
3, 8, 9705 12760 13000 14093
3, 8, 974 4115 4335 5652 12287 18637
3, 8, 974 4335 5652 17834
3, 8, 974 4335 7038 12287 18637
3, 8, 974 4335 7038 8514
3, 8, 974 4335 8514 17834
3, 8, 979 4335 7038 18637
3, 8, 979 7038 12287 18637
3, 8, 9826 10518 11696 14401 15202 19020
4, 9, 10016 11355 14919 16609
4, 9, 1013 1098 5432 12675 17591
4, 9, 10130 15314 17537 17607 19513
4, 9, 10153 10521 16791 17624 18995
4, 9, 10156 14445 16616 18844
4, 9, 102 7006 8740 14556
4, 9, 10249 13532 16776 18511
4, 9, 10319 12211 14529 16605
4, 9, 10378 10569 13937 18843
4, 9, 10397 10693 15771 19388
4, 9, 105 1644 8359 13539
4, 9, 10521 10902 17624 18995
4, 9, 10521 11800 14772 16791 17129 17726 18995
4, 9, 1059 14434 15363 17046
4, 9, 10902 11509 13746 14130 15502
4, 9, 1099 11797 13110 19397 19769
4, 9, 1099 13110 17544 19397 19769
4, 9, 1099 4202 7338 11797 11838 13110 14168 17544 19769
4, 9, 1099 9416 17544 19277 19397
4, 9, 11123 13792 17619 19748
4, 9, 11179 12500 13148 14981
4, 9, 1122 3202 3855 4136
4, 9, 1128 2201 6070 8151 11385
4, 9, 11297 12712 15162 19032
4, 9, 1141 3803 6776 11738
4, 9, 11451 14865 14966 15411 16000 18662
4, 9, 11578 11774 12063 12271 14290 17465 17693 17731
4, 9, 11578 12063 13513 14290 17693
4, 9, 11578 12572 13513 14290 17693
4, 9, 1162 7613 13796 15888 16344
4, 9, 1175 2613 6834 15761
4, 9, 1187 3525 5281 8667 15606
4, 9, 11898 12992 13948 18719
4, 9, 12369 16778 17067 18176
4, 9, 1261 1498 6997 18680
4, 9, 1288 5305 11101 11337
4, 9, 131 1650 11817 18253
4, 9, 1346 5438 5891 8994
4, 9, 1346 5438 8994 13718 19892
4, 9, 13612 14757 15048 19210
4, 9, 1400 10156 14638 18844
4, 9, 1400 12085 14638 16219
4, 9, 1400 12085 14638 18844
4, 9, 1400 7249 10156 18844
4, 9, 1400 7249 12085 14638
4, 9, 1400 7249 12085 18844
4, 9, 1400 7249 9707 16699
4, 9, 1414 2537 8997 12483 15880 18732 18898 19570
4, 9, 142 824 1204 2778 9945
4, 9, 1465 10227 17671 17857
4, 9, 1507 7961 8495 9013 13145
4, 9, 1570 2218 3863 6996 13301 19513
4, 9, 1570 2218 6996 13301 15314 19513
4, 9, 1570 2713 3863 13301
4, 9, 1575 7520 9310 11714
4, 9, 1587 2151 2874 18967
4, 9, 15921 16409 17785 18766
4, 9, 1604 3640 8105 17544
4, 9, 1604 3658 10153 10521 17624
4, 9, 1610 12560 14165 18344
4, 9, 1615 6814 14381 19694
4, 9, 1636 11352 13569 18813
4, 9, 1640 2245 3211 4394 7351 17230
4, 9, 1640 2245 9698 17230
4, 9, 1640 7351 10458 17230
4, 9, 1646 6364 7062 11050 12245
4, 9, 1646 6364 7062 12245 13504
4, 9, 1646 7062 12245 13269 13504
4, 9, 167 881 4608 9173
4, 9, 16778 17067 18176 19085
4, 9, 1691 2862 5801 6031 18817
4, 9, 1696 5381 6563 16706
4, 9, 1702 3499 15184 18766
4, 9, 1765 10697 11451 14865 14966 15411 16000
4, 9, 1824 3518 3781 14679
4, 9, 1827 15529 15642 16060 16066
4, 9, 1846 5198 6332 7208
4, 9, 1846 5198 7208 17275
4, 9, 1851 4105 10883 18354 19624
4, 9, 1863 7790 11969 16978
4, 9, 189 4116 14294 18001
4, 9, 189 9787 14294 18001
4, 9, 1890 4315 6414 12845 13016
4, 9, 1906 4441 6904 7009 9873 12283 18496
4, 9, 1906 4441 7009 11068 12283
4, 9, 1906 4441 7415 11068
4, 9, 2003 10475 14124 14188 14264 16325 16790
4, 9, 2003 3020 3078 5733 13044 14264 16325 16790 19895
4, 9, 2003 3078 5733 13044 14124 14264 16325 16790 19895
4, 9, 2003 3215 5434 10475 14188 14264 16325 16790
4, 9, 2031 7526 12470 18041
4, 9, 2037 3567 4308 6774 9830
4, 9, 2037 4308 6774 15573
4, 9, 2037 6774 12965 15573
4, 9, 2069 7288 10553 13112 13493
4, 9, 2083 8301 16126 19479
4, 9, 2087 2450 3749 5424
4, 9, 2095 3078 5733 13044 14124 14264 16790 19895
4, 9, 2109 6736 10499 14335 17191
4, 9, 2116 11030 13025 15656
4, 9, 2127 2579 12868 13537
4, 9, 2127 2579 3158 12197 12868
4, 9, 2127 2579 3158 5032 6691 12197
4, 9, 2127 3158 12197 13537
4, 9, 2127 3158 4574 5032 6691 7530 12197 19421
4, 9, 2134 5596 8946 10103 15504
4, 9, 2139 4916 5572 19085
4, 9, 2139 4916 5572 7355
4, 9, 2186 4786 6153 14111
4, 9, 2194 9494 10203 17763
4, 9, 2218 6996 15314 17537 17607 19513
4, 9, 2222 3555 16883 19349
4, 9, 226 912 4985 5514
4, 9, 2294 3688 7847 8658
4, 9, 2294 3688 8184 8658 13077
4, 9, 2294 3688 8658 19739
4, 9, 2307 4172 4313 10409
4, 9, 2307 4172 6874 10409
4, 9, 2307 4313 6874 10409
4, 9, 2360 7901 9829 10822 17039
4, 9, 2404 2868 6172 13170
4, 9, 2470 6082 7507 11191
4, 9, 2470 7507 8590 11191
4, 9, 2486 5041 13051 16287
4, 9, 2510 5395 16091 16881
4, 9, 2514 6766 7929 9054 13814 17166
4, 9, 2514 8895 9054 17166
4, 9, 2540 2899 6864 8444
4, 9, 2546 4470 15316 16514
4, 9, 268 5750 6703 11720 16463
4, 9, 2713 3863 13301 19513
4, 9, 2723 11726 13973 14869 15762
4, 9, 2723 8530 13973 14869
4, 9, 2740 4325 8529 18012 18518
4, 9, 2783 3215 8741 9805 15033 16240 16641 16849 19387
4, 9, 2783 7783 8741 9805 15033 16240 16641 16714 19387
4, 9, 2783 8741 9081 9805 13759 15033 16240 16641 19387
4, 9, 2783 8741 9081 9805 15033 16240 16641 16849 19387
4, 9, 2783 9081 13759 14650 15033 19387 19880
4, 9, 2783 9081 9805 13759 14650 15033 19387
4, 9, 2862 5801 9891 18817
4, 9, 2862 9891 15917 18817
4, 9, 2878 15701 17669 18179
4, 9, 2908 5463 8395 15262
4, 9, 2948 5240 6554 17094
4, 9, 297 1765 11451 14865 14966 15411
4, 9, 297 2122 2224 11451 15411
4, 9, 297 2122 2224 11492 12178
4, 9, 297 2122 2224 11492 13909
4, 9, 3015 3796 5453 10599 13420
4, 9, 3054 3962 4404 4676 12378
4, 9, 3054 4676 5418 12378
4, 9, 3062 13551 15908 18028
4, 9, 3062 3216 15908 18028
4, 9, 3094 5045 7773 10680 15290
4, 9, 3191 3962 4404 4676 9435 12378
4, 9, 3215 5434 10475 14124 14188 14264 16790
4, 9, 3215 5434 8741 9805 10475 14188 16240 16641
4, 9, 3215 5434 8741 9805 16240 16641 19387
4, 9, 322 1282 2881 11471
4, 9, 3223 4684 6525 12512 12835 14044
4, 9, 3275 7220 15401 18612
4, 9, 3288 4424 6155 11662 18912
4, 9, 329 1099 3640 4202 11838 14168 17544
4, 9, 329 1099 3640 9416 17544
4, 9, 329 1099 9416 17544 19397
4, 9, 329 1604 3640 3658 11764
4, 9, 329 1604 3640 4202 17544
4, 9, 329 1604 3640 9416 11764 17544
4, 9, 329 3640 4202 7338 8105 11838 14168 17544
4, 9, 329 3640 4202 9416 11764 17544
4, 9, 329 3640 4202 9416 11838 14168 17544
4, 9, 329 3640 9416 11764 17544 19277 19397
4, 9, 337 4701 14679 15329
4, 9, 3417 10794 17542 18746
4, 9, 342 1488 3366 5548
4, 9, 342 3366 3473 5548 18648
4, 9, 3495 4627 8885 11039 16655
4, 9, 3506 10834 16588 17855
4, 9, 3512 6337 12427 12868 13537 14404 16044
4, 9, 3512 6337 7783 12427 13537 14404 16044 16714 16724
4, 9, 3512 6337 7783 12427 14404 16044 16240 16714
4, 9, 3512 6337 7783 12427 16044 16240 16641 16714
4, 9, 3543 4697 5140 10328
4, 9, 3607 11379 19685 19951
4, 9, 3620 5750 6703 16463 16765 18265
4, 9, 3620 5750 6703 8134 16463 18265
4, 9, 3620 5750 8134 8219 16463 16765 18063 18265
4, 9, 3620 5750 8134 8609 16463 16765 18063 18265
4, 9, 3620 7639 8219 16765
4, 9, 3638 6257 9497 12342 14227
4, 9, 3658 10153 10521 17624 18995
4, 9, 3675 4656 10501 10984
4, 9, 3678 4389 8250 19971
4, 9, 3688 7847 12916 15638 19739
4, 9, 3688 7847 8658 12916 19739
4, 9, 3688 8658 15638 19739
4, 9, 3713 3763 5103 11561
4, 9, 3720 10591 17908 18311
4, 9, 3796 5453 7240 13420
4, 9, 3866 8688 11523 16766
4, 9, 387 2783 8741 9081 9805 14650 15033 16849 19387
4, 9, 3899 7717 16179 16310
4, 9, 3904 6624 8298 10275
4, 9, 3904 6624 8298 18675
4, 9, 3926 5355 5671 14599
4, 9, 3926 5355 5876 14599 17327 18049
4, 9, 3932 7455 7854 15853
4, 9, 3989 9006 9311 14753
4, 9, 4006 4662 6767 8687
4, 9, 4034 4923 5694 10120 14403
4, 9, 407 490 1247 19203
4, 9, 4071 7308 8770 9660
4, 9, 410 3145 6914 17173
4, 9, 4115 5652 17916 19807
4, 9, 4153 10421 13712 16403
4, 9, 4159 4751 11730 14650
4, 9, 4159 9081 11730 14650 19880
4, 9, 4202 7338 7355 7741 8105 11838
4, 9, 4202 7338 7355 8105 11838 14168
4, 9, 4202 7338 8105 11838 14168 17544 19769
4, 9, 4268 4563 9897 11112 13891 19309
4, 9, 4335 7038 8514 17834
4, 9, 4341 6568 15484 18094
4, 9, 4355 7261 14726 17300
4, 9, 4404 4676 12378 17337
4, 9, 4418 15165 16249 18527
4, 9, 4485 7403 16520 18869
4, 9, 4514 9589 15019 18329
4, 9, 4538 5791 7039 7477 14978 16401
4, 9, 4538 5791 7477 14978 16401 17373
4, 9, 4574 5032 5437 6691 7530
4, 9, 475 5040 7807 11233
4, 9, 4757 4774 11228 11388
4, 9, 4758 7639 8219 16765
4, 9, 4828 9416 19277 19397
4, 9, 489 1797 13403 15012
4, 9, 4897 11179 12500 13716 14981
4, 9, 4897 5019 5844 11845 13716 15034
4, 9, 4897 5844 11179 11845 12500 13716 15034
4, 9, 4923 5694 10120 14403 18168
4, 9, 4960 6744 9588 18328
4, 9, 4977 5709 15702 15974
4, 9, 5019 5844 9637 11845 13716 15034
4, 9, 5073 5208 9470 9925
4, 9, 5090 5591 12780 18840 19887
4, 9, 5137 13626 13742 16169 18464
4, 9, 5208 9470 9925 10472
4, 9, 530 6147 10702 11497
4, 9, 5311 15961 18803 19299
4, 9, 538 7362 10639 11462
4, 9, 5394 6340 7754 18927
4, 9, 5394 7754 8016 18927
4, 9, 5401 10666 19123 19243
4, 9, 5432 7746 11940 12675 17591
4, 9, 5434 10475 14124 14188 14264 16325 16790
4, 9, 5463 8395 11253 15262
4, 9, 5500 10430 15467 18628
4, 9, 557 5892 10546 12540
4, 9, 5598 5950 6019 7981 9534
4, 9, 5614 11774 12271 17465 17731
4, 9, 5674 7619 12270 12869
4, 9, 5690 6286 7718 13191
4, 9, 5750 6703 8134 11720 16463 18265
4, 9, 578 3081 6681 9624
4, 9, 5791 7039 7477 16401 18484
4, 9, 5791 7477 16401 17373 18484
4, 9, 5844 9637 11179 11845 12500 13716 15034
4, 9, 5936 6364 7062 11050
4, 9, 5974 10086 13544 14656
4, 9, 6027 10195 13885 16727
4, 9, 6082 7507 8590 11191
4, 9, 6136 9649 12722 18348
4, 9, 6152 9274 17783 18836
4, 9, 6161 10657 11582 16886
4, 9, 6180 12572 13513 16743 17563
4, 9, 6180 14361 16743 17563
4, 9, 621 1906 4441 6904 7009 9873 16340 18496
4, 9, 621 1906 4441 6904 9873 13814 16340 18496
4, 9, 621 2514 6766 7929 13814 16340 17166
4, 9, 621 4441 6766 6904 7009 9873 16340 18496
4, 9, 621 4441 6766 6904 7929 9873 13814 16340 18496
4, 9, 621 6766 6904 7929 9873 13814 16340 17166 18496
4, 9, 6237 9866 12386 13144
4, 9, 6256 6851 16302 18259
4, 9, 6256 6851 17446 18259
4, 9, 6259 16782 17444 18552
4, 9, 6280 11633 16703 18770
4, 9, 6393 8179 8328 19295
4, 9, 6464 11008 14349 14997
4, 9, 647 10404 13002 16112
4, 9, 651 2134 7716 8946 12641 15504 15834 16497
4, 9, 651 2134 8946 10103 15504 15834
4, 9, 6525 12512 12835 17973
4, 9, 6525 9044 12512 17973
4, 9, 6596 7168 7764 8291
4, 9, 6624 8298 11175 18675
4, 9, 6662 9031 10431 19434
4, 9, 6671 9475 10550 13654
4, 9, 6711 14599 17327 18049
4, 9, 6768 10361 11201 17055
4, 9, 6794 8042 12517 15804
4, 9, 6846 11121 11246 12647
4, 9, 685 8835 9827 15110
4, 9, 687 1807 5403 6687
4, 9, 687 1807 6687 16135
4, 9, 6912 7903 10967 13296
4, 9, 7039 7477 15796 18484
4, 9, 712 1908 13311 18789
4, 9, 7168 7764 8291 14593
4, 9, 7185 9658 10752 11154 14569
4, 9, 7185 9658 10752 14569 15306
4, 9, 7220 15401 15770 18612
4, 9, 7220 8284 15401 18612
4, 9, 7282 11874 13118 14310
4, 9, 7421 7885 16749 19017
4, 9, 7446 14980 16256 17419
4, 9, 7446 16256 17419 19081
4, 9, 7481 14723 14747 17829
4, 9, 7526 12470 13302 13873
4, 9, 7526 12470 13873 18041 18235
4, 9, 757 2095 3078 5733 13044 14124 19895
4, 9, 7589 12598 12899 16356
4, 9, 763 9124 10142 19106
4, 9, 7716 10557 12136 12641 16497
4, 9, 7716 10557 12641 15834 16497
4, 9, 7716 12641 15215 16497
4, 9, 7765 10602 12606 15999
4, 9, 7765 9207 10602 15999
4, 9, 7783 13759 16240 16641
4, 9, 782 10847 10969 16731
4, 9, 7897 10424 13525 14316 18660
4, 9, 7903 8090 10967 11380 13296
4, 9, 7998 15077 15690 15926
4, 9, 8051 9581 12991 13475
4, 9, 8156 8896 13782 15282
4, 9, 8203 9471 10005 18515
4, 9, 825 10521 11800 14772 16791 17129 18995
4, 9, 825 11800 14772 16791 17129 17726 18995
4, 9, 825 7741 11800 16791 17129
4, 9, 825 7741 11800 16791 18995
4, 9, 8284 11634 13230 14161 19856
4, 9, 8284 13230 14161 15401 19856
4, 9, 8284 13230 14161 19856 19920
4, 9, 8284 13230 15401 19920
4, 9, 835 1503 8816 15814
4, 9, 837 11361 12557 17472
4, 9, 838 1619 7124 14590 19287
4, 9, 8408 9630 13094 13325
4, 9, 8484 14952 17024 17961
4, 9, 8484 8538 14952 17024
4, 9, 8529 13541 18012 18518
4, 9, 853 8894 11670 13243
4, 9, 8530 13973 14869 17849
4, 9, 8583 9404 11011 11013
4, 9, 8617 8820 11629 18506
4, 9, 8631 9797 13579 14934 19548
4, 9, 8677 10148 11420 13071 13705 18213
4, 9, 8677 10148 11420 13071 13760 18213
4, 9, 8695 13132 13861 14564
4, 9, 8752 9614 12541 14549 19471 19562
4, 9, 8752 9614 12541 16075 19471
4, 9, 8856 9862 10233 16968
4, 9, 8877 13088 13790 17856
4, 9, 8896 13782 15282 18199
4, 9, 8917 10461 16256 17419 19081
4, 9, 892 4690 8060 19543
4, 9, 892 8060 19457 19543
4, 9, 8941 9191 9390 10130 12759 14255 14286 16367 18602
4, 9, 8941 9191 9390 10130 12759 14286 16367 17537 18602
4, 9, 8941 9390 10130 12759 14255 14286 16367 17537 18602
4, 9, 8941 9390 10130 12759 14255 14286 16367 18140 18602
4, 9, 8941 9390 10130 12759 14286 16367 17537 17607 18602
4, 9, 8941 9390 10130 14255 14286 16367 17537 18602 19513
4, 9, 8941 9390 10130 14286 16367 17537 17607 18602 19513
4, 9, 897 4964 11630 12371
4, 9, 9028 10156 14638 18844
4, 9, 9028 12085 14638 16219
4, 9, 9028 12085 14638 18844
4, 9, 9052 9404 11011 11013
4, 9, 9062 11315 16555 19093
4, 9, 9081 11730 13759 14650 19880
4, 9, 9081 13759 14650 19360 19880
4, 9, 912 4985 5514 7260
4, 9, 9146 15569 17462 18666
4, 9, 9170 9898 11163 12643
4, 9, 9191 9390 10130 12759 14286 17537 17607 18602
4, 9, 9226 10148 13071 13760
4, 9, 9226 10148 13071 18213
4, 9, 9362 12928 19270 19536
4, 9, 9390 10130 12759 15314 17537 17607
4, 9, 95 5532 9743 14634
4, 9, 9614 12541 14549 17434 19471 19562
4, 9, 962 6596 10732 19021
4, 9, 962 6596 7764 8291
4, 9, 9658 10752 11154 12906 14569 15306
4, 9, 9705 12760 13000 14093
4, 9, 974 4115 12287 18637
4, 9, 974 4115 4335 5652 18637
4, 9, 974 4335 5652 17834
4, 9, 974 4335 7038 12287 18637
4, 9, 974 4335 7038 17834
4, 9, 974 4335 7038 8514
4, 9, 979 4335 7038 18637
4, 9, 979 7038 12287 18637
4, 9, 9826 10518 11696 14401 15202 19020
4, 9, 9829 10319 10822 14529
5, 10, 10016 11355 14919 16609
5, 10, 1013 1098 5432 12675 17591
5, 10, 10130 15314 17537 17607 19513
5, 10, 10153 10521 16791 17624 18995
5, 10, 10156 14445 16616 18844
5, 10, 102 7006 8740 14556
5, 10, 10249 13532 16776 18511
5, 10, 10319 12211 14529 16605
5, 10, 10378 10569 13937 18843
5, 10, 10397 10693 15771 19388
5, 10, 105 1644 8359 13539
5, 10, 10521 10902 17624 18995
5, 10, 10521 11800 14772 16791 17129 18995
5, 10, 10521 14772 16791 17129 17726 18995
5, 10, 1059 14434 15363 17046
5, 10, 10902 11509 13746 14130 15502
5, 10, 1099 11797 13110 19397 19769
5, 10, 1099 13110 17544 19397
5, 10, 1099 4202 7338 11797 11838 13110 14168 17544 19769
5, 10, 1101 3885 4066 14622
5, 10, 11123 13792 17619 19748
5, 10, 11179 12500 13148 14981
5, 10, 1122 3202 3855 4136
5, 10, 1128 2201 6070 8151 11385
5, 10, 11297 12712 15162 19032
5, 10, 1141 3803 6776 11738
5, 10, 11451 14865 14966 15411 16000 18662
5, 10, 11578 11774 12063 12271 14290 17465 17693 17731
5, 10, 11578 12063 12572 14290 17693
5, 10, 1162 7613 13796 15888 16344
5, 10, 1175 2613 4505 6834
5, 10, 11800 14772 16791 17129 17726 18995
5, 10, 1187 3525 5281 8667 15606
5, 10, 11898 12992 13948 18719
5, 10, 12063 12572 13513 14290 17693
5, 10, 12369 16778 17067 18176
5, 10, 1261 1498 6997 18680
5, 10, 1288 5305 11101 11337
5, 10, 131 1650 11817 18253
5, 10, 1346 5438 5891 8994
5, 10, 1346 5438 8994 13718 19892
5, 10, 13612 14757 15048 19210
5, 10, 1400 10156 14638 18844
5, 10, 1400 12085 14638 16219
5, 10, 1400 7249 10156 18844
5, 10, 1400 7249 12085 14638 18844
5, 10, 1400 7249 9707 16699
5, 10, 1414 2537 8997 12483 15880 18732 18898 19570
5, 10, 142 824 1204 2778 9945
5, 10, 142 824 2778 10922
5, 10, 1465 10227 17671 17857
5, 10, 1507 7961 8495 9013 13145
5, 10, 1570 2218 3863 13301 19513
5, 10, 1570 2218 3863 6996 13301
5, 10, 1570 2218 6996 13301 15314 19513
5, 10, 1570 2713 3863 13301
5, 10, 1575 7520 9310 11714
5, 10, 1587 2151 2874 18967
5, 10, 15921 16409 17785 18766
5, 10, 1604 3658 10153 10521 17624
5, 10, 1610 12560 14165 18344
5, 10, 1615 6814 14381 19694
5, 10, 1636 11007 12943 13569
5, 10, 1636 11352 13569 18813
5, 10, 1640 2245 3211 4394 7351 17230
5, 10, 1640 2245 9698 17230
5, 10, 1640 3211 7351 10458 17230
5, 10, 1646 6364 7062 11050 12245
5, 10, 1646 6364 7062 12245 13504
5, 10, 1646 7062 12245 13269 13504
5, 10, 167 881 4608 9173
5, 10, 16778 17067 18176 19085
5, 10, 1691 2862 5801 6031 18817
5, 10, 1691 5801 9891 18817
5, 10, 1696 5381 6563 16706
5, 10, 1702 3499 15184 18766
5, 10, 1765 10697 11451 14865 14966 15411 16000
5, 10, 1824 3518 3781 14679
5, 10, 1827 15529 15642 16060 16066
5, 10, 1846 5198 6332 7208
5, 10, 1846 5198 7208 17275
5, 10, 1851 4105 10883 17744
5, 10, 1851 4105 10883 18354 19624
5, 10, 1863 7790 11969 16978
5, 10, 189 4116 14294 18001
5, 10, 189 9787 14294 18001
5, 10, 1890 4315 6414 12845 13016
5, 10, 1906 4441 6904 7009 12283 18496
5, 10, 1906 4441 7009 11068 12283
5, 10, 1906 4441 7415 11068
5, 10, 2003 10475 13044 14124 14188 14264 16325 16790
5, 10, 2003 3020 3078 5733 13044 14124 14264 16325 16790 19895
5, 10, 2003 3215 5434 10475 14188 14264 16325 16790
5, 10, 2003 5434 10475 14124 14188 14264 16325 16790
5, 10, 2031 7526 12470 18041
5, 10, 2037 3567 4308 6774 9830
5, 10, 2037 4308 6774 15573
5, 10, 2069 7288 10553 13112 13493
5, 10, 2083 8301 16126 19479
5, 10, 2087 2450 3749 5424
5, 10, 2109 6736 10499 14335 17191
5, 10, 2116 11030 13025 15656
5, 10, 2127 2579 12868 13537
5, 10, 2127 2579 3158 12197 12868
5, 10, 2127 2579 3158 5032 6691 12197
5, 10, 2127 3158 12197 13537
5, 10, 2127 3158 4574 5032 6691 7530 12197 19421
5, 10, 2134 5596 8946 10103 15504
5, 10, 2139 4916 5572 19085
5, 10, 2139 4916 5572 7355
5, 10, 2186 4786 6153 14111
5, 10, 2194 9494 10203 17763
5, 10, 2218 6996 15314 17537 17607 19513
5, 10, 2222 3555 16883 19349
5, 10, 226 912 4985 5514
5, 10, 2294 3688 7847 8658
5, 10, 2294 3688 8184 8658 13077
5, 10, 2294 3688 8658 19739
5, 10, 2307 4172 4313 6874 10409
5, 10, 2360 7901 9829 10822 17039
5, 10, 2404 2868 6172 13170
5, 10, 2470 6082 7507 8590 11191
5, 10, 2486 5041 13051 16287
5, 10, 2510 5395 16091 16881
5, 10, 2514 6766 7929 9054 13814 17166
5, 10, 2514 8895 9054 17166
5, 10, 2540 2899 6864 8444
5, 10, 2546 4470 14489 16514
5, 10, 2546 4470 15316 16514
5, 10, 268 5750 6703 11720 16463 18265
5, 10, 2723 11726 13973 14869 15762
5, 10, 2723 8530 13973 14869
5, 10, 2740 4325 8529 18012 18518
5, 10, 2783 3215 8741 9805 15033 16240 16641 16849 19387
5, 10, 2783 7783 8741 9805 15033 16240 16641 16714 19387
5, 10, 2783 8741 9081 9805 13759 15033 16641 19387
5, 10, 2783 8741 9081 9805 15033 16641 16849 19387
5, 10, 2783 8741 9805 13759 15033 16240 16641 19387
5, 10, 2783 9081 13759 14650 15033 19387 19880
5, 10, 2862 5801 9891 18817
5, 10, 2862 9891 15917 18817
5, 10, 2878 15701 17669 18179
5, 10, 2908 5463 8395 15262
5, 10, 2940 5621 6353 18718
5, 10, 2948 5240 6554 17094
5, 10, 297 1765 11451 14865 14966 15411
5, 10, 297 2122 11451 14966 15411
5, 10, 297 2122 2224 11451 15411
5, 10, 297 2122 2224 11492 12178
5, 10, 297 2122 2224 11492 13909
5, 10, 3015 3796 5453 10599 13420
5, 10, 3054 3962 4404 4676 12378
5, 10, 3054 4404 4676 12378 17337
5, 10, 3054 4676 5418 12378
5, 10, 3062 13551 15908 18028
5, 10, 3094 5045 7773 10680 15290
5, 10, 3191 3962 4404 4676 9435 12378
5, 10, 3215 5434 10475 14124 14188 14264 16325 16790
5, 10, 3215 5434 8741 9805 14188 16240
5, 10, 3215 5434 8741 9805 16240 16641 19387
5, 10, 3215 5434 9805 10475 14188 16240
5, 10, 322 1282 2881 11471
5, 10, 3223 4684 6525 12512 12835 14044
5, 10, 3275 7220 15401 18612
5, 10, 3288 4424 6155 11662 18912
5, 10, 329 1099 3640 4202 7338 11838 14168 17544
5, 10, 329 1099 3640 9416 17544 19397
5, 10, 329 1099 9416 17544 19277 19397
5, 10, 329 1604 3640 3658 11764
5, 10, 329 1604 3640 4202 17544
5, 10, 329 1604 3640 9416 11764 17544
5, 10, 329 3640 4202 7338 8105 11838 14168 17544
5, 10, 329 3640 4202 9416 11764 17544
5, 10, 329 3640 4202 9416 11838 14168 17544
5, 10, 329 3640 9416 11764 17544 19277 19397
5, 10, 337 4701 14679 15329
5, 10, 3417 10794 17542 18746
5, 10, 342 1488 3366 5548 18648
5, 10, 342 3366 3473 5548 18648
5, 10, 3495 4627 8885 11039 16655
5, 10, 3506 10834 16588 17855
5, 10, 3512 6337 12427 12868 13537 14404 16044
5, 10, 3512 6337 7783 12427 13537 14404 16044 16714 16724
5, 10, 3512 6337 7783 12427 16044 16240 16641 16714
5, 10, 3543 4697 5140 10328
5, 10, 3607 11379 19685 19951
5, 10, 3620 5750 6703 8134 16463 16765 18265
5, 10, 3620 5750 8134 8219 16463 16765 18063 18265
5, 10, 3620 5750 8134 8609 16463 16765 18063 18265
5, 10, 3620 7639 8219 16765
5, 10, 3638 6257 9497 12342 14227
5, 10, 3658 10153 10521 17624 18995
5, 10, 3675 4656 10501 10984
5, 10, 3688 7847 12916 15638 19739
5, 10, 3688 7847 8658 12916 19739
5, 10, 3688 7847 8658 15638 19739
5, 10, 3713 3763 5103 11561
5, 10, 3720 10591 17908 18311
5, 10, 3796 5453 7240 13420
5, 10, 3866 8688 11523 16766
5, 10, 387 2783 8741 9081 9805 14650 15033 16849 19387
5, 10, 3899 7717 16179 16310
5, 10, 3904 6624 8298 10275
5, 10, 3904 6624 8298 18675
5, 10, 3926 5355 5671 14599
5, 10, 3926 5355 5876 14599 17327 18049
5, 10, 3932 7455 7854 15853
5, 10, 3989 9006 9311 14753
5, 10, 4006 4662 6767 8687
5, 10, 4034 4923 5694 10120 14403
5, 10, 407 490 1247 19203
5, 10, 4071 7308 8770 9660
5, 10, 410 3145 6914 17173
5, 10, 4115 5652 17916 19807
5, 10, 4153 10421 13712 16403
5, 10, 4159 4751 11730 14650
5, 10, 4159 9081 11730 14650 19880
5, 10, 4202 7338 7355 7741 8105
5, 10, 4202 7338 7355 8105 11838 14168
5, 10, 4202 7338 8105 11838 14168 17544 19769
5, 10, 4268 4563 9897 11112 13891 19309
5, 10, 4335 7038 8514 17834
5, 10, 4340 4673 7761 12488
5, 10, 4341 6568 15484 18094
5, 10, 4355 7261 14726 17300
5, 10, 4418 15165 16249 18527
5, 10, 4485 7403 16520 18869
5, 10, 4538 5791 7039 7477 14978 16401
5, 10, 4538 5791 7477 14978 16401 17373
5, 10, 4574 5032 5437 6691 7530
5, 10, 475 5040 7807 11233
5, 10, 4757 4774 11228 11388
5, 10, 4758 7639 8219 16765
5, 10, 4828 9416 19277 19397
5, 10, 489 1797 13403 15012
5, 10, 4897 11179 12500 13716 14981
5, 10, 4897 5019 5844 11845 15034
5, 10, 4897 5844 11179 11845 12500 13716 15034
5, 10, 4923 5694 10120 14403 18168
5, 10, 4960 6744 9588 18328
5, 10, 4977 5709 15702 15974
5, 10, 5019 5844 9637 11845 15034
5, 10, 5073 5208 9470 9925
5, 10, 5090 5591 12780 18840 19887
5, 10, 5137 13626 13742 16169 18464
5, 10, 5208 9470 9925 10472
5, 10, 530 6147 10702 11497
5, 10, 5311 15961 18803 19299
5, 10, 5394 6340 7754 18927
5, 10, 5394 7754 8016 18927
5, 10, 5401 10666 19123 19243
5, 10, 5432 7746 11940 12675 17591
5, 10, 5450 8153 8422 13846
5, 10, 5463 8395 11253 15262
5, 10, 5500 10430 15467 18628
5, 10, 557 5892 10546 12540
5, 10, 5598 5950 6019 7981 9534
5, 10, 5614 11774 12271 17465 17731
5, 10, 5674 7619 12270 12869
5, 10, 5690 6286 7718 13191
5, 10, 5750 6703 8134 11720 16463 18265
5, 10, 578 3081 6681 9624
5, 10, 5791 7039 7477 16401 18484
5, 10, 5791 7477 16401 17373 18484
5, 10, 5844 9637 11179 11845 12500 13716 15034
5, 10, 5974 10086 13544 14656
5, 10, 6027 10195 13885 16727
5, 10, 6136 9649 12722 18348
5, 10, 6152 9113 9274 17783
5, 10, 6152 9274 17783 18836
5, 10, 6161 10657 11582 16886
5, 10, 6180 12572 13513 16743 17563
5, 10, 6180 14361 16743 17563
5, 10, 621 1906 4441 6904 7009 9873 16340 18496
5, 10, 621 1906 4441 6904 9873 13814 16340 18496
5, 10, 621 2514 6766 7929 13814 16340 17166
5, 10, 621 4441 6766 6904 7009 9873 16340 18496
5, 10, 621 4441 6766 6904 7929 9873 13814 16340 18496
5, 10, 621 6766 6904 7929 9873 13814 16340 17166 18496
5, 10, 621 6766 7929 9054 13814 17166
5, 10, 6237 9866 12386 13144
5, 10, 6256 6851 16302 18259
5, 10, 6256 6851 17446 18259
5, 10, 6259 16782 17444 18552
5, 10, 6280 11633 16703 18770
5, 10, 6393 8179 8328 19295
5, 10, 6464 11008 14349 14997
5, 10, 647 10404 13002 16112
5, 10, 651 2134 7716 8946 12641 15504 15834
5, 10, 651 2134 8946 10103 15504 15834
5, 10, 651 7716 8946 12641 15504 15834 16497
5, 10, 6525 12512 12835 17973
5, 10, 6525 9044 12512 17973
5, 10, 6596 7168 7764 8291
5, 10, 6624 8298 11175 18675
5, 10, 6662 9031 10431 19434
5, 10, 6671 9475 10550 13654
5, 10, 6711 14599 17327 18049
5, 10, 6768 10361 11201 17055
5, 10, 6794 8042 12517 15804
5, 10, 6846 11121 11246 12647
5, 10, 685 8835 9827 15110
5, 10, 687 1807 5403 6687
5, 10, 687 1807 6687 16135
5, 10, 6912 7903 10967 13296
5, 10, 7039 7477 15796 18484
5, 10, 712 1908 13311 18789
5, 10, 7168 7764 8291 14593
5, 10, 7185 9658 10752 11154 14569 15306
5, 10, 7220 15401 15770 18612
5, 10, 7220 8284 15401 18612
5, 10, 7282 11874 13118 14310
5, 10, 731 4260 6867 10961
5, 10, 7421 7885 16749 19017
5, 10, 7446 14980 16256 17419
5, 10, 7446 16256 17419 19081
5, 10, 7455 7854 15853 19970
5, 10, 7481 14723 14747 17829
5, 10, 7526 12470 13302 13873
5, 10, 7526 12470 13873 18041 18235
5, 10, 757 2095 3078 5733 13044 14124 14264 19895
5, 10, 7589 12598 12899 16356
5, 10, 763 9124 10142 19106
5, 10, 7716 10557 12136 12641 15834 16497
5, 10, 7716 12641 15215 16497
5, 10, 7765 10602 12606 15999
5, 10, 7765 9207 10602 15999
5, 10, 782 10847 10969 16731
5, 10, 7897 10424 13525 14316 18660
5, 10, 7903 8090 10967 11380 13296
5, 10, 7998 15077 15690 15926
5, 10, 8051 9581 12991 13475
5, 10, 8071 10679 11487 18509
5, 10, 8156 8896 13782 15282
5, 10, 8203 9471 10005 18515
5, 10, 825 10521 11800 16791 17129 18995
5, 10, 825 11800 14772 16791 17129 18995
5, 10, 825 7741 11800 16791 17129
5, 10, 825 7741 11800 16791 18995
5, 10, 8284 11634 13230 14161 19856
5, 10, 8284 13230 14161 15401 19856
5, 10, 8284 13230 14161 19856 19920
5, 10, 8284 13230 15401 19920
5, 10, 835 1503 8816 15814
5, 10, 837 2694 11361 12557 17472
5, 10, 838 1619 7124 14590 19287
5, 10, 8408 9630 13094 13325
5, 10, 8484 14952 17024 17961
5, 10, 8484 8538 14952 17024
5, 10, 8529 13541 18012 18518
5, 10, 853 8894 11670 13243
5, 10, 8530 13973 14869 17849
5, 10, 8583 9404 11011 11013
5, 10, 8617 8820 11629 18506
5, 10, 8631 9797 13579 14934 19548
5, 10, 8677 10148 11420 13071 13705 18213
5, 10, 8677 10148 11420 13071 13760 18213
5, 10, 8695 13132 13861 14564
5, 10, 8752 9614 12541 14549 19471
5, 10, 8752 9614 12541 16075 19471
5, 10, 8856 9862 10233 16968
5, 10, 8877 13088 13790 17856
5, 10, 8896 13782 15282 18199
5, 10, 8917 10461 16256 17419 19081
5, 10, 892 4690 8060 19543
5, 10, 892 8060 19457 19543
5, 10, 8941 13361 14255 18140
5, 10, 8941 9191 9390 10130 12759 14255 14286 16367 18602
5, 10, 8941 9191 9390 10130 12759 14286 16367 17537 18602
5, 10, 8941 9390 10130 12759 14255 14286 16367 17537 18602 19513
5, 10, 8941 9390 10130 12759 14255 14286 16367 18140 18602
5, 10, 8941 9390 10130 14255 14286 16367 17537 18140 18602
5, 10, 897 4964 11630 12371
5, 10, 9028 10156 14638 18844
5, 10, 9028 12085 14638 16219
5, 10, 9028 12085 14638 18844
5, 10, 9052 9404 11011 11013
5, 10, 9062 11315 16555 19093
5, 10, 9081 11730 13759 14650 19880
5, 10, 9081 13759 19360 19880
5, 10, 912 4985 5514 7260
5, 10, 9146 15569 17462 18666
5, 10, 9170 9898 11163 12643
5, 10, 9191 9390 10130 12759 17537 17607
5, 10, 9226 10148 13071 13760
5, 10, 9226 10148 13071 18213
5, 10, 9226 13071 16360 18213
5, 10, 9362 12928 19270 19536
5, 10, 9390 10130 12759 14286 16367 17537 17607 18602 19513
5, 10, 9390 10130 12759 15314 17537 17607
5, 10, 95 5532 9743 14634
5, 10, 9614 12541 14549 17434 19471 19562
5, 10, 962 6596 10732 19021
5, 10, 962 6596 7764 8291
5, 10, 9658 10752 11154 12906 14569 15306
5, 10, 9705 12760 13000 14093
5, 10, 974 4115 12287 18637
5, 10, 974 4115 4335 5652 18637
5, 10, 974 4335 5652 17834
5, 10, 974 4335 7038 12287 18637
5, 10, 974 4335 7038 17834
5, 10, 979 4335 7038 18637
5, 10, 979 7038 12287 18637
5, 10, 9826 10518 11696 14401 15202 19020
5, 10, 9829 10319 10822 14529
