0, 6, 1013 1098 5432 12675 17591
0, 6, 10148 11420 13071 13760 18213
0, 6, 10153 10521 16791 17624 18995
0, 6, 10378 10569 13937 16831 18843
0, 6, 10518 11696 14401 15202 19020
0, 6, 10902 11509 13746 14130 15502
0, 6, 1099 11797 13110 17544 19397
0, 6, 1099 4202 7338 11797 11838 13110 14168 17544
0, 6, 11451 14865 14966 15411 16000 18662
0, 6, 11578 11774 12063 12271 14290 17465 17693 17731
0, 6, 1162 7613 13796 15888 16344
0, 6, 1187 3525 5281 8667 15606
0, 6, 1414 2537 8997 12483 15880 18732 18898
0, 6, 142 824 1204 2778 9945
0, 6, 1507 7961 8495 9013 13145
0, 6, 1570 2218 3863 6996 13301
0, 6, 1570 2713 3863 6996 13301
0, 6, 1604 3658 10153 10521 17624 18995
0, 6, 1640 2245 4394 7351 17230
0, 6, 1640 3211 4394 7351 17230
0, 6, 1646 6364 7062 12245 13504
0, 6, 1765 10697 11451 14865 14966 15411 16000
0, 6, 1906 4441 6904 7009 11068 12283
0, 6, 1906 4441 6904 7009 9873 12283
0, 6, 2003 2095 3020 3078 5733 13044 14264 16325 16790
0, 6, 2037 3567 4308 6774 9830
0, 6, 2069 7288 10553 13112 13493
0, 6, 2095 3078 5733 13044 14124 14264 16325 16790
0, 6, 2109 6736 10499 14335 17191
0, 6, 2127 2579 3158 5032 12197 12868
0, 6, 2127 2579 3158 5032 6691 12197
0, 6, 2127 3158 12197 12868 13537
0, 6, 2127 3158 4574 5032 6691 7530 12197
0, 6, 2134 5596 8946 10103 15504
0, 6, 2218 6996 15314 17537 17607
0, 6, 2360 7901 9829 10822 17039
0, 6, 2514 6766 7929 13814 16340 17166
0, 6, 2514 6766 7929 9054 16340 17166
0, 6, 268 5750 6703 11720 16463
0, 6, 2723 11726 13973 14869 15762
0, 6, 2783 3215 8741 9805 15033 16240 16641 16849 19387
0, 6, 2783 7783 8741 9805 15033 16240 16641 16714 19387
0, 6, 2783 7783 8741 9805 15033 16240 16641 16849 19387
0, 6, 2783 8741 9081 9805 15033 16240 16641 19387
0, 6, 2783 8741 9081 9805 15033 16641 16849 19387
0, 6, 2783 9081 9805 13759 14650 15033 19387
0, 6, 2783 9081 9805 13759 16240 19387
0, 6, 2908 5463 8395 11253 15262
0, 6, 297 2122 2224 11451 13909 15411
0, 6, 297 2122 2224 11492 12178 13909
0, 6, 3015 3796 5453 10599 13420
0, 6, 3054 3962 4404 4676 12378
0, 6, 3158 4574 5032 6691 7530 12197 19421
0, 6, 3215 5434 10475 14188 14264 16325 16790
0, 6, 3215 5434 7783 8741 9805 16240 16641 16714
0, 6, 3215 5434 8741 9805 10475 14188 16240 16641
0, 6, 3215 5434 8741 9805 16240 16641 16849 19387
0, 6, 3223 4684 6525 12512 12835 14044
0, 6, 3288 4424 6155 11662 18912
0, 6, 329 1604 3640 3658 9416 11764
0, 6, 329 1604 3640 4202 17544
0, 6, 329 1604 3640 9416 11764 17544
0, 6, 329 3640 4202 7338 8105 11838 14168 17544
0, 6, 329 3640 4202 7338 9416 11838 14168 17544
0, 6, 329 3640 9416 11764 19277 19397
0, 6, 329 3640 9416 17544 19277 19397
0, 6, 329 4202 11838 13110 14168 17544
0, 6, 342 3366 3473 5548 18648
0, 6, 3495 4627 8885 11039 16655
0, 6, 3512 6337 12427 13537 14404 16044 16724
0, 6, 3512 6337 12868 13537 14404
0, 6, 3512 6337 7783 12427 13537 14404 16044 16714
0, 6, 3512 6337 7783 12427 14404 16044 16240 16714
0, 6, 3512 6337 7783 12427 16044 16240 16641 16714
0, 6, 3620 5750 6703 8134 16463 18265
0, 6, 3620 5750 6703 8219 16463 16765
0, 6, 3620 5750 6703 8219 16463 18265
0, 6, 3620 5750 8134 8219 16463 18063 18265
0, 6, 3620 5750 8134 8219 8609 18063 18265
0, 6, 3620 5750 8219 8609 16765 18063 18265
0, 6, 3638 6257 9497 12342 14227
0, 6, 387 2783 8741 9081 9805 14650 15033 19387
0, 6, 387 2783 8741 9081 9805 15033 16849 19387
0, 6, 387 2783 8741 9805 15033 16240 16641 16849 19387
0, 6, 387 2783 9081 9805 14650 15033 16849 19387
0, 6, 3904 6624 8298 10275 18675
0, 6, 3926 5355 5876 14599 17327 18049
0, 6, 4034 4923 5694 10120 14403
0, 6, 4202 7338 7355 7741 8105 11838 14168
0, 6, 4202 7338 7355 8105 11838 14168 17544
0, 6, 4268 4563 9897 11112 13891 19309
0, 6, 4441 6904 7009 11068 12283 18496
0, 6, 4441 6904 7009 9873 12283 18496
0, 6, 4538 5791 7039 7477 14978 16401
0, 6, 4538 5791 7039 7477 16401 17373
0, 6, 4574 5032 5437 6691 7530
0, 6, 4897 5019 5844 11845 13716 15034
0, 6, 4897 5844 11179 11845 12500 13716 15034
0, 6, 5019 5844 9637 11845 13716 15034
0, 6, 5432 7746 11940 12675 17591
0, 6, 5614 11774 12063 12271 17465 17731
0, 6, 5750 6703 8134 11720 16463 18265
0, 6, 5791 7039 7477 16401 17373 18484
0, 6, 6180 12572 13513 16743 17563
0, 6, 621 1906 4441 6904 7009 9873 13814
0, 6, 621 4441 6904 7009 9873 13814 16340 18496
0, 6, 621 4441 6904 7929 9873 13814 16340 18496
0, 6, 621 6766 6904 7009 9873 13814 16340 18496
0, 6, 621 6766 6904 7929 9873 13814 16340 18496
0, 6, 621 6766 7929 9873 13814 16340 17166 18496
0, 6, 651 2134 7716 8946 12641 15504 15834 16497
0, 6, 651 2134 8946 10103 15504 15834
0, 6, 6766 7929 9054 13814 16340 17166
0, 6, 7446 10461 16256 17419 19081
0, 6, 7446 8917 10461 16256 17419
0, 6, 7526 12470 13873 18041 18235
0, 6, 7783 8741 12427 16044 16240 16641 16714
0, 6, 7903 8090 10967 11380 13296
0, 6, 825 10521 11800 14772 16791 17129 17726
0, 6, 825 10521 11800 16791 17129 17726 18995
0, 6, 8484 8538 14952 17024 17961
0, 6, 8677 10148 11420 13071 18213
0, 6, 8741 9081 9805 13759 16240
0, 6, 8752 9614 12541 14549 19471
0, 6, 8917 10461 16256 17419 19081
0, 6, 8941 10130 14255 14286 16367 18140 18602
0, 6, 8941 9191 9390 10130 12759 14255 14286 16367 17537 18602
0, 6, 8941 9191 9390 10130 12759 14286 16367 17537 17607 18602
0, 6, 8941 9390 10130 12759 14255 14286 16367 17537 17607 18602
0, 6, 9390 10130 12759 15314 17537 17607
0, 6, 9390 10130 14286 15314 17537 17607
0, 6, 9614 12541 14549 17434 19471
0, 6, 9637 11179 11845 12500 13716 15034
0, 6, 9658 10752 11154 12906 14569 15306
0, 6, 974 4115 4335 5652 12287 18637
0, 6, 974 4335 7038 12287 18637
0, 6, 9826 10518 11696 15202 19020
1, 7, 1013 1098 5432 12675 17591
1, 7, 10148 11420 13071 13760 18213
1, 7, 10153 10521 16791 17624 18995
1, 7, 10475 14124 14188 14264 16790
1, 7, 10518 11696 14401 15202 19020
1, 7, 10902 11509 13746 14130 15502
1, 7, 1099 11797 13110 17544 19397
1, 7, 1099 4202 7338 11797 11838 13110 14168 17544
1, 7, 11451 14865 14966 15411 16000 18662
1, 7, 11578 11774 12063 12271 14290 17465 17693 17731
1, 7, 1162 7613 13796 15888 16344
1, 7, 1187 3525 5281 8667 15606
1, 7, 1414 2537 8997 12483 15880 18732 18898 19570
1, 7, 142 824 1204 2778 9945
1, 7, 1507 7961 8495 9013 13145
1, 7, 1570 2218 3863 6996 13301 19513
1, 7, 1570 2218 6996 13301 15314 19513
1, 7, 1604 3658 10153 10521 17624 18995
1, 7, 1640 2245 4394 7351 17230
1, 7, 1640 3211 4394 7351 17230
1, 7, 1646 6364 7062 12245 13504
1, 7, 1646 7062 12245 13269 13504
1, 7, 1765 10697 11451 14865 14966 15411 16000
1, 7, 1851 4105 10883 18354 19624
1, 7, 1906 4441 6904 7009 11068 12283
1, 7, 1906 4441 6904 7009 9873 12283
1, 7, 2003 2095 3078 5733 13044 14264 16325 16790
1, 7, 2003 3020 3078 5733 13044 14264 16325 16790
1, 7, 2037 3567 4308 6774 9830
1, 7, 2069 7288 10553 13112 13493
1, 7, 2095 3078 5733 13044 14124 14264 16325 16790
1, 7, 2109 6736 10499 14335 17191
1, 7, 2127 2579 3158 12197 12868
1, 7, 2127 2579 3158 5032 6691 12197
1, 7, 2127 3158 12197 12868 13537
1, 7, 2127 3158 4574 5032 6691 7530 12197 19421
1, 7, 2134 5596 8946 10103 15504
1, 7, 2218 6996 15314 17537 17607 19513
1, 7, 2294 3688 8184 8658 13077
1, 7, 2360 7901 9829 10822 17039
1, 7, 2514 6766 7929 9054 13814 16340 17166
1, 7, 268 5750 6703 11720 16463
1, 7, 2723 11726 13973 14869 15762
1, 7, 2783 3215 8741 9805 15033 16240 16641 16849 19387
1, 7, 2783 7783 8741 9805 15033 16240 16641 16714 19387
1, 7, 2783 7783 8741 9805 15033 16240 16641 16849 19387
1, 7, 2783 8741 9081 9805 13759 16240 19387
1, 7, 2783 8741 9081 9805 15033 16240 16641 16849 19387
1, 7, 2783 9081 9805 13759 14650 15033 19387
1, 7, 2783 9081 9805 13759 15033 16240 19387
1, 7, 2908 5463 8395 11253 15262
1, 7, 297 2122 2224 11451 13909 15411
1, 7, 297 2122 2224 11492 12178 13909
1, 7, 3015 3796 5453 10599 13420
1, 7, 3054 3962 4404 4676 12378
1, 7, 3215 5434 10475 14188 14264 16325 16790
1, 7, 3215 5434 7783 8741 16240 16641 16714
1, 7, 3215 5434 8741 9805 10475 14188 16240 16641
1, 7, 3215 5434 8741 9805 16240 16641 16714
1, 7, 3215 5434 8741 9805 16240 16641 16849 19387
1, 7, 3215 7783 8741 9805 16240 16641 16714
1, 7, 3223 4684 6525 12512 12835 14044
1, 7, 3288 4424 6155 11662 18912
1, 7, 329 1604 3640 3658 9416 11764
1, 7, 329 1604 3640 4202 17544
1, 7, 329 1604 3640 9416 11764 17544
1, 7, 329 3640 4202 7338 8105 11838 14168 17544
1, 7, 329 3640 4202 7338 9416 11838 14168 17544
1, 7, 329 3640 9416 11764 17544 19277 19397
1, 7, 342 3366 3473 5548 18648
1, 7, 3495 4627 8885 11039 16655
1, 7, 3512 6337 12427 12868 13537 14404
1, 7, 3512 6337 12427 13537 14404 16044 16724
1, 7, 3512 6337 7783 12427 13537 14404 16044 16714
1, 7, 3512 6337 7783 12427 14404 16044 16240 16714
1, 7, 3512 6337 7783 12427 16044 16240 16641 16714
1, 7, 3620 5750 6703 16463 16765 18265
1, 7, 3620 5750 6703 8134 16463 18265
1, 7, 3620 5750 8134 8219 16463 18063 18265
1, 7, 3620 5750 8134 8219 8609 18063 18265
1, 7, 3620 5750 8219 16463 16765 18265
1, 7, 3620 5750 8219 8609 16765 18063 18265
1, 7, 3638 6257 9497 12342 14227
1, 7, 387 2783 8741 9081 9805 14650 15033 16849 19387
1, 7, 387 2783 8741 9805 15033 16641 16849 19387
1, 7, 3904 6624 8298 10275 18675
1, 7, 3926 5355 5876 14599 17327 18049
1, 7, 4034 4923 5694 10120 14403
1, 7, 4202 7338 7355 7741 8105 11838 14168
1, 7, 4268 4563 9897 11112 13891 19309
1, 7, 4441 6904 7009 9873 12283 18496
1, 7, 4538 5791 7039 7477 14978 16401
1, 7, 4538 5791 7039 7477 16401 17373
1, 7, 4574 5032 5437 6691 7530
1, 7, 4897 5019 5844 11845 13716 15034
1, 7, 4897 5844 11179 11845 12500 13716 15034
1, 7, 5019 5844 9637 11845 13716 15034
1, 7, 5432 7746 11940 12675 17591
1, 7, 5614 11774 12063 12271 17465 17731
1, 7, 5750 6703 8134 11720 16463 18265
1, 7, 5791 7039 7477 16401 17373 18484
1, 7, 5844 9637 11179 11845 12500 13716 15034
1, 7, 6180 12572 13513 16743 17563
1, 7, 621 1906 4441 6904 7009 9873 13814 18496
1, 7, 621 4441 6766 6904 7009 9873 13814 16340 18496
1, 7, 621 4441 6766 6904 7929 9873 13814 16340 18496
1, 7, 621 6766 6904 7929 9873 13814 16340 17166 18496
1, 7, 651 2134 7716 8946 12641 15504 15834 16497
1, 7, 651 2134 8946 10103 15504 15834
1, 7, 7446 10461 16256 17419 19081
1, 7, 7446 8917 10461 16256 17419
1, 7, 7526 12470 13873 18041 18235
1, 7, 7783 8741 16044 16240 16641 16714
1, 7, 7903 8090 10967 11380 13296
1, 7, 825 10521 11800 14772 16791 17129 17726
1, 7, 825 10521 11800 16791 17129 17726 18995
1, 7, 8484 8538 14952 17024 17961
1, 7, 8631 9797 13579 14934 19548
1, 7, 8677 10148 11420 13071 13760
1, 7, 8677 10148 11420 13071 18213
1, 7, 8752 9614 12541 14549 19471 19562
1, 7, 8752 9614 12541 16075 19471
1, 7, 8917 10461 16256 17419 19081
1, 7, 892 4690 8060 19457 19543
1, 7, 8941 10130 14255 14286 16367 17537 18602 19513
1, 7, 8941 10130 14255 14286 16367 18140 18602
1, 7, 8941 10130 14286 16367 17537 17607 18602 19513
1, 7, 8941 9191 9390 10130 12759 14255 14286 16367 17537 18602
1, 7, 8941 9191 9390 10130 12759 14286 17537 17607 18602
1, 7, 8941 9390 10130 12759 14286 16367 17537 17607 18602
1, 7, 9028 10156 12085 14638 18844
1, 7, 9390 10130 12759 15314 17537 17607
1, 7, 9614 12541 14549 17434 19471 19562
1, 7, 9658 10752 11154 12906 14569 15306
1, 7, 974 4115 4335 5652 12287 18637
1, 7, 974 4335 7038 12287 18637
1, 7, 9826 10518 11696 15202 19020
2, 8, 1013 1098 5432 12675 17591
2, 8, 10130 15314 17537 17607 19513
2, 8, 10153 10521 16791 17624 18995
2, 8, 10475 14124 14188 14264 16790
2, 8, 10475 14124 14264 16325 16790
2, 8, 10902 11509 13746 14130 15502
2, 8, 1099 11797 13110 17544 19397 19769
2, 8, 1099 4202 7338 11797 11838 13110 14168 17544 19769
2, 8, 1128 2201 6070 8151 11385
2, 8, 11451 14865 14966 15411 16000 18662
2, 8, 11578 11774 12063 12271 14290 17465 17693 17731
2, 8, 11578 12572 13513 14290 17693
2, 8, 1162 7613 13796 15888 16344
2, 8, 1187 3525 5281 8667 15606
2, 8, 1414 2537 8997 12483 15880 18732 18898 19570
2, 8, 142 824 1204 2778 9945
2, 8, 1507 7961 8495 9013 13145
2, 8, 1570 2218 3863 6996 13301 19513
2, 8, 1570 2218 6996 13301 15314 19513
2, 8, 1604 3658 10153 10521 17624
2, 8, 1640 2245 4394 7351 17230
2, 8, 1640 3211 4394 7351 17230
2, 8, 1646 6364 7062 11050 12245
2, 8, 1646 6364 7062 12245 13504
2, 8, 1646 7062 12245 13269 13504
2, 8, 1691 2862 5801 6031 18817
2, 8, 1765 10697 11451 14865 14966 15411 16000
2, 8, 1851 4105 10883 18354 19624
2, 8, 1906 4441 6904 7009 9873 12283 18496
2, 8, 1906 4441 7009 11068 12283
2, 8, 2003 10475 14188 14264 16325 16790
2, 8, 2003 2095 3078 5733 13044 14124 14264 16325 16790
2, 8, 2003 3020 3078 5733 13044 14264 16325 16790
2, 8, 2037 3567 4308 6774 9830
2, 8, 2069 7288 10553 13112 13493
2, 8, 2109 6736 10499 14335 17191
2, 8, 2127 2579 3158 12197 12868
2, 8, 2127 2579 3158 5032 6691 12197
2, 8, 2127 3158 4574 5032 6691 7530 12197 19421
2, 8, 2134 5596 8946 10103 15504
2, 8, 2218 6996 15314 17537 17607 19513
2, 8, 2294 3688 8184 8658 13077
2, 8, 2360 7901 9829 10822 17039
2, 8, 2514 6766 7929 9054 13814 16340 17166
2, 8, 268 5750 6703 11720 16463
2, 8, 2723 11726 13973 14869 15762
2, 8, 2783 3215 8741 9805 15033 16240 16641 16849 19387
2, 8, 2783 7783 8741 9805 15033 16240 16641 16714 19387
2, 8, 2783 8741 9081 9805 13759 15033 16240 16641 19387
2, 8, 2783 8741 9081 9805 15033 16240 16641 16849 19387
2, 8, 2783 9081 9805 13759 14650 15033 19387
2, 8, 2908 5463 8395 11253 15262
2, 8, 297 2122 2224 11451 15411
2, 8, 297 2122 2224 11492 12178
2, 8, 297 2122 2224 11492 13909
2, 8, 297 2122 2224 13909 15411
2, 8, 3015 3796 5453 10599 13420
2, 8, 3054 3962 4404 4676 12378
2, 8, 3215 5434 10475 14188 14264 16325 16790
2, 8, 3215 5434 8741 9805 10475 14188 16240 16641
2, 8, 3215 5434 8741 9805 16240 16641 16849 19387
2, 8, 3215 7783 8741 9805 16240 16641 16714
2, 8, 3223 4684 6525 12512 12835 14044
2, 8, 3288 4424 6155 11662 18912
2, 8, 329 1099 4202 14168 17544 19769
2, 8, 329 1604 3640 3658 11764
2, 8, 329 1604 3640 4202 17544
2, 8, 329 1604 3640 9416 11764 17544
2, 8, 329 3640 4202 7338 8105 11838 14168 17544
2, 8, 329 3640 4202 9416 11838 14168 17544
2, 8, 329 3640 9416 11764 17544 19277 19397
2, 8, 329 4202 7338 11838 14168 17544 19769
2, 8, 342 3366 3473 5548 18648
2, 8, 3495 4627 8885 11039 16655
2, 8, 3512 6337 12427 12868 13537 14404 16044
2, 8, 3512 6337 12427 13537 14404 16044 16724
2, 8, 3512 6337 7783 12427 13537 14404 16044 16714
2, 8, 3512 6337 7783 12427 14404 16044 16240 16714
2, 8, 3512 6337 7783 12427 16044 16240 16641 16714
2, 8, 3620 5750 6703 16463 16765 18265
2, 8, 3620 5750 6703 8134 16463 18265
2, 8, 3620 5750 8134 8219 16463 18063 18265
2, 8, 3620 5750 8134 8219 8609 18063 18265
2, 8, 3620 5750 8134 8609 16463 18063 18265
2, 8, 3620 5750 8219 16463 16765 18063 18265
2, 8, 3620 5750 8219 8609 16765 18063 18265
2, 8, 3620 5750 8609 16463 16765 18063 18265
2, 8, 3638 6257 9497 12342 14227
2, 8, 3658 10153 10521 17624 18995
2, 8, 3688 7847 12916 15638 19739
2, 8, 3688 7847 8658 12916 19739
2, 8, 387 2783 8741 9081 9805 14650 15033 16849 19387
2, 8, 3926 5355 5876 14599 17327 18049
2, 8, 3962 4404 4676 9435 12378
2, 8, 4034 4923 5694 10120 14403
2, 8, 4202 7338 7355 7741 8105 11838 14168
2, 8, 4202 7338 8105 11838 14168 17544 19769
2, 8, 4268 4563 9897 11112 13891 19309
2, 8, 4538 5791 7039 7477 14978 16401
2, 8, 4538 5791 7477 14978 16401 17373
2, 8, 4574 5032 5437 6691 7530
2, 8, 4897 5019 5844 11845 13716 15034
2, 8, 4897 5844 11179 11845 12500 13716 15034
2, 8, 5019 5844 9637 11845 13716 15034
2, 8, 5432 7746 11940 12675 17591
2, 8, 5614 11774 12063 12271 17465 17731
2, 8, 5750 6703 8134 11720 16463 18265
2, 8, 5791 7039 7477 14978 16401 17373
2, 8, 5791 7039 7477 16401 18484
2, 8, 5791 7477 16401 17373 18484
2, 8, 5844 9637 11179 11845 12500 13716 15034
2, 8, 6180 12572 13513 16743 17563
2, 8, 621 1906 4441 6904 7009 9873 18496
2, 8, 621 1906 4441 6904 9873 13814 18496
2, 8, 621 2514 6766 7929 13814 16340 17166
2, 8, 621 4441 6766 6904 7009 9873 13814 16340 18496
2, 8, 621 4441 6766 6904 7929 9873 13814 16340 18496
2, 8, 621 6766 6904 7929 9873 13814 16340 17166 18496
2, 8, 651 2134 7716 8946 12641 15504 15834 16497
2, 8, 651 2134 8946 10103 15504 15834
2, 8, 7526 12470 13873 18041 18235
2, 8, 757 2095 3078 5733 13044
2, 8, 7716 10557 12136 12641 16497
2, 8, 7903 8090 10967 11380 13296
2, 8, 825 10521 11800 14772 16791 17129 17726
2, 8, 825 10521 11800 16791 17129 17726 18995
2, 8, 825 7741 11800 16791 18995
2, 8, 838 1619 7124 14590 19287
2, 8, 8631 9797 13579 14934 19548
2, 8, 8677 10148 11420 13071 13760 18213
2, 8, 8677 10148 11420 13705 18213
2, 8, 8752 9614 12541 14549 19471 19562
2, 8, 8752 9614 12541 16075 19471
2, 8, 8917 10461 16256 17419 19081
2, 8, 892 4690 8060 19457 19543
2, 8, 8941 10130 14255 14286 16367 17537 18602 19513
2, 8, 8941 10130 14286 16367 17537 17607 18602 19513
2, 8, 8941 9191 9390 10130 12759 14255 14286 16367 17537 18602
2, 8, 8941 9390 10130 12759 14286 16367 17537 17607 18602
2, 8, 8941 9390 10130 14255 14286 16367 18140 18602
2, 8, 9028 10156 12085 14638 18844
2, 8, 9191 9390 10130 12759 14286 17537 17607 18602
2, 8, 9390 10130 12759 15314 17537 17607
2, 8, 9614 12541 14549 17434 19471 19562
2, 8, 9658 10752 11154 12906 14569 15306
2, 8, 974 4115 4335 5652 12287 18637
2, 8, 974 4335 7038 12287 18637
2, 8, 9826 10518 11696 14401 15202 19020
3, 9, 1013 1098 5432 12675 17591
3, 9, 10130 15314 17537 17607 19513
3, 9, 10153 10521 16791 17624 18995
3, 9, 10475 14124 14188 14264 16325 16790
3, 9, 10521 11800 14772 16791 17129 17726 18995
3, 9, 10902 11509 13746 14130 15502
3, 9, 1099 11797 13110 19397 19769
3, 9, 1099 13110 17544 19397 19769
3, 9, 1099 4202 7338 11797 11838 13110 14168 17544 19769
3, 9, 1128 2201 6070 8151 11385
3, 9, 11451 14865 14966 15411 16000 18662
3, 9, 11578 11774 12063 12271 14290 17465 17693 17731
3, 9, 11578 12063 13513 14290 17693
3, 9, 11578 12572 13513 14290 17693
3, 9, 1162 7613 13796 15888 16344
3, 9, 1187 3525 5281 8667 15606
3, 9, 1346 5438 8994 13718 19892
3, 9, 1414 2537 8997 12483 15880 18732 18898 19570
3, 9, 142 824 1204 2778 9945
3, 9, 1507 7961 8495 9013 13145
3, 9, 1570 2218 3863 6996 13301 19513
3, 9, 1570 2218 6996 13301 15314 19513
3, 9, 1604 3658 10153 10521 17624
3, 9, 1640 2245 4394 7351 17230
3, 9, 1640 3211 4394 7351 17230
3, 9, 1646 6364 7062 11050 12245
3, 9, 1646 6364 7062 12245 13504
3, 9, 1646 7062 12245 13269 13504
3, 9, 1691 2862 5801 6031 18817
3, 9, 1765 10697 11451 14865 14966 15411 16000
3, 9, 1851 4105 10883 18354 19624
3, 9, 1890 4315 6414 12845 13016
3, 9, 1906 4441 6904 7009 9873 12283 18496
3, 9, 1906 4441 7009 11068 12283
3, 9, 2003 3020 3078 5733 13044 14264 16325 16790 19895
3, 9, 2003 3078 5733 13044 14124 14264 16325 16790 19895
3, 9, 2003 3215 5434 10475 14188 14264 16325 16790
3, 9, 2037 3567 4308 6774 9830
3, 9, 2069 7288 10553 13112 13493
3, 9, 2095 3078 5733 13044 14124 14264 16790 19895
3, 9, 2109 6736 10499 14335 17191
3, 9, 2127 2579 3158 12197 12868
3, 9, 2127 2579 3158 5032 6691 12197
3, 9, 2127 3158 4574 5032 6691 7530 12197 19421
3, 9, 2134 5596 8946 10103 15504
3, 9, 2218 6996 15314 17537 17607 19513
3, 9, 2294 3688 8184 8658 13077
3, 9, 2360 7901 9829 10822 17039
3, 9, 2514 6766 7929 9054 13814 17166
3, 9, 268 5750 6703 11720 16463
3, 9, 2723 11726 13973 14869 15762
3, 9, 2783 3215 8741 9805 15033 16240 16641 16849 19387
3, 9, 2783 7783 8741 9805 15033 16240 16641 16714 19387
3, 9, 2783 8741 9081 9805 13759 15033 16240 16641 19387
3, 9, 2783 8741 9081 9805 15033 16240 16641 16849 19387
3, 9, 2783 9081 13759 14650 15033 19387 19880
3, 9, 2783 9081 9805 13759 14650 15033 19387
3, 9, 297 11451 14865 14966 15411
3, 9, 297 2122 2224 11451 15411
3, 9, 297 2122 2224 11492 12178
3, 9, 297 2122 2224 11492 13909
3, 9, 3015 3796 5453 10599 13420
3, 9, 3054 3962 4404 4676 12378
3, 9, 3215 5434 8741 9805 10475 14188 16240 16641
3, 9, 3215 5434 8741 9805 16240 16641 19387
3, 9, 3223 4684 6525 12512 12835 14044
3, 9, 3288 4424 6155 11662 18912
3, 9, 329 1099 4202 11838 14168 17544
3, 9, 329 1604 3640 3658 11764
3, 9, 329 1604 3640 4202 17544
3, 9, 329 1604 3640 9416 11764 17544
3, 9, 329 3640 4202 7338 8105 11838 14168 17544
3, 9, 329 3640 4202 9416 11838 14168 17544
3, 9, 329 3640 9416 11764 17544 19277 19397
3, 9, 342 3366 3473 5548 18648
3, 9, 3495 4627 8885 11039 16655
3, 9, 3512 6337 12427 12868 13537 14404 16044
3, 9, 3512 6337 12427 13537 14404 16044 16724
3, 9, 3512 6337 12427 14404 16044 16714 16724
3, 9, 3512 6337 7783 12427 13537 14404 16044 16714
3, 9, 3512 6337 7783 12427 14404 16044 16240 16714
3, 9, 3512 6337 7783 12427 16044 16240 16641 16714
3, 9, 3620 5750 6703 16463 16765 18265
3, 9, 3620 5750 6703 8134 16463 18265
3, 9, 3620 5750 8134 8219 16463 18063 18265
3, 9, 3620 5750 8134 8219 16765 18063 18265
3, 9, 3620 5750 8134 8609 16463 18063 18265
3, 9, 3620 5750 8134 8609 16765 18063 18265
3, 9, 3620 5750 8219 16463 16765 18063 18265
3, 9, 3620 5750 8609 16463 16765 18063 18265
3, 9, 3638 6257 9497 12342 14227
3, 9, 3658 10153 10521 17624 18995
3, 9, 3688 7847 12916 15638 19739
3, 9, 3688 7847 8658 12916 19739
3, 9, 387 2783 8741 9081 9805 14650 15033 16849 19387
3, 9, 3926 5355 5876 14599 17327 18049
3, 9, 3962 4404 4676 9435 12378
3, 9, 4034 4923 5694 10120 14403
3, 9, 4159 9081 11730 14650 19880
3, 9, 4202 7338 7355 7741 8105 11838
3, 9, 4202 7338 7355 8105 11838 14168
3, 9, 4202 7338 8105 11838 14168 17544 19769
3, 9, 4268 4563 9897 11112 13891 19309
3, 9, 4538 5791 7039 7477 14978 16401
3, 9, 4538 5791 7477 14978 16401 17373
3, 9, 4574 5032 5437 6691 7530
3, 9, 4897 11179 12500 13716 14981
3, 9, 4897 5019 5844 11845 13716 15034
3, 9, 4897 5844 11179 11845 12500 13716 15034
3, 9, 5019 5844 9637 11845 13716 15034
3, 9, 5090 5591 12780 18840 19887
3, 9, 5432 7746 11940 12675 17591
3, 9, 5434 10475 14124 14188 14264 16790
3, 9, 5598 5950 6019 7981 9534
3, 9, 5614 11774 12271 17465 17731
3, 9, 5750 6703 8134 11720 16463 18265
3, 9, 5791 7039 7477 16401 18484
3, 9, 5791 7477 16401 17373 18484
3, 9, 5844 9637 11179 11845 12500 13716 15034
3, 9, 6180 12572 13513 16743 17563
3, 9, 621 1906 4441 6904 7009 9873 18496
3, 9, 621 1906 4441 6904 9873 13814 16340 18496
3, 9, 621 2514 6766 7929 13814 16340 17166
3, 9, 621 4441 6766 6904 7009 9873 16340 18496
3, 9, 621 4441 6766 6904 7929 9873 13814 16340 18496
3, 9, 621 6766 6904 7929 9873 13814 16340 17166 18496
3, 9, 651 2134 7716 8946 12641 15504 15834 16497
3, 9, 651 2134 8946 10103 15504 15834
3, 9, 7185 9658 10752 11154 14569
3, 9, 7526 12470 13873 18041 18235
3, 9, 757 2095 3078 5733 13044 19895
3, 9, 757 2095 3078 5733 14124 19895
3, 9, 7716 10557 12136 12641 16497
3, 9, 7897 10424 13525 14316 18660
3, 9, 7903 8090 10967 11380 13296
3, 9, 825 10521 11800 14772 16791 17129 18995
3, 9, 825 11800 14772 16791 17129 17726 18995
3, 9, 825 7741 11800 16791 17129
3, 9, 825 7741 11800 16791 18995
3, 9, 8284 11634 13230 14161 19856
3, 9, 8284 13230 14161 15401 19856
3, 9, 8284 13230 14161 19856 19920
3, 9, 838 1619 7124 14590 19287
3, 9, 8631 9797 13579 14934 19548
3, 9, 8677 10148 11420 13071 13705 18213
3, 9, 8677 10148 11420 13071 13760 18213
3, 9, 8752 9614 12541 14549 19471 19562
3, 9, 8752 9614 12541 16075 19471
3, 9, 8917 10461 16256 17419 19081
3, 9, 8941 10130 14255 14286 16367 17537 18602 19513
3, 9, 8941 10130 14286 16367 17537 17607 18602 19513
3, 9, 8941 9191 9390 10130 12759 14255 14286 16367 18602
3, 9, 8941 9191 9390 10130 12759 14286 16367 17537 18602
3, 9, 8941 9390 10130 12759 14255 14286 16367 17537 18602
3, 9, 8941 9390 10130 12759 14255 14286 16367 18140 18602
3, 9, 8941 9390 10130 12759 14286 16367 17537 17607 18602
3, 9, 9081 13759 14650 19360 19880
3, 9, 9191 9390 10130 12759 14286 17537 17607 18602
3, 9, 9390 10130 12759 15314 17537 17607
3, 9, 9614 12541 14549 17434 19471 19562
3, 9, 9658 10752 11154 12906 14569 15306
3, 9, 974 4115 4335 5652 18637
3, 9, 974 4335 7038 12287 18637
3, 9, 9826 10518 11696 14401 15202 19020
4, 10, 1013 1098 5432 12675 17591
4, 10, 10130 15314 17537 17607 19513
4, 10, 10153 10521 16791 17624 18995
4, 10, 10521 11800 14772 16791 17129 18995
4, 10, 10521 14772 16791 17129 17726 18995
4, 10, 10902 11509 13746 14130 15502
4, 10, 1099 11797 13110 19397 19769
4, 10, 1099 4202 7338 11797 11838 13110 14168 17544 19769
4, 10, 1099 9416 17544 19277 19397
4, 10, 1128 2201 6070 8151 11385
4, 10, 11451 14865 14966 15411 16000 18662
4, 10, 11578 11774 12063 12271 14290 17465 17693 17731
4, 10, 1162 7613 13796 15888 16344
4, 10, 11800 14772 16791 17129 17726 18995
4, 10, 1187 3525 5281 8667 15606
4, 10, 1346 5438 8994 13718 19892
4, 10, 1414 2537 8997 12483 15880 18732 18898 19570
4, 10, 142 824 1204 2778 9945
4, 10, 1507 7961 8495 9013 13145
4, 10, 1570 2218 3863 13301 19513
4, 10, 1570 2218 3863 6996 13301
4, 10, 1570 2218 6996 13301 15314 19513
4, 10, 1604 3658 10153 10521 17624
4, 10, 1640 2245 3211 4394 7351 17230
4, 10, 1646 6364 7062 11050 12245
4, 10, 1646 6364 7062 12245 13504
4, 10, 1646 7062 12245 13269 13504
4, 10, 1691 2862 5801 6031 18817
4, 10, 1765 10697 11451 14865 14966 15411 16000
4, 10, 1827 15529 15642 16060 16066
4, 10, 1851 4105 10883 18354 19624
4, 10, 1890 4315 6414 12845 13016
4, 10, 1906 4441 6904 7009 12283 18496
4, 10, 1906 4441 7009 11068 12283
4, 10, 2003 10475 14124 14188 14264 16325 16790
4, 10, 2003 3020 3078 5733 13044 14264 16325 16790 19895
4, 10, 2003 3078 5733 13044 14124 14264 16325 16790 19895
4, 10, 2003 3215 5434 10475 14188 14264 16325 16790
4, 10, 2037 3567 4308 6774 9830
4, 10, 2069 7288 10553 13112 13493
4, 10, 2095 3078 5733 13044 14124 14264 19895
4, 10, 2109 6736 10499 14335 17191
4, 10, 2127 2579 3158 12197 12868
4, 10, 2127 2579 3158 5032 6691 12197
4, 10, 2127 3158 4574 5032 6691 7530 12197 19421
4, 10, 2134 5596 8946 10103 15504
4, 10, 2218 6996 15314 17537 17607 19513
4, 10, 2294 3688 8184 8658 13077
4, 10, 2360 7901 9829 10822 17039
4, 10, 2514 6766 7929 9054 13814 17166
4, 10, 268 5750 6703 11720 16463
4, 10, 2723 11726 13973 14869 15762
4, 10, 2740 4325 8529 18012 18518
4, 10, 2783 3215 8741 9805 15033 16240 16641 16849 19387
4, 10, 2783 7783 8741 9805 15033 16240 16641 16714 19387
4, 10, 2783 8741 9081 9805 13759 15033 16641 19387
4, 10, 2783 8741 9081 9805 15033 16641 16849 19387
4, 10, 2783 8741 9805 13759 15033 16240 16641 19387
4, 10, 2783 9081 13759 14650 15033 19387 19880
4, 10, 297 1765 11451 14865 14966 15411
4, 10, 297 2122 2224 11451 15411
4, 10, 297 2122 2224 11492 12178
4, 10, 297 2122 2224 11492 13909
4, 10, 3015 3796 5453 10599 13420
4, 10, 3054 3962 4404 4676 12378
4, 10, 3094 5045 7773 10680 15290
4, 10, 3191 3962 4404 4676 9435 12378
4, 10, 3215 5434 10475 14124 14188 14264 16790
4, 10, 3215 5434 8741 9805 14188 16240
4, 10, 3215 5434 8741 9805 16240 16641 19387
4, 10, 3215 5434 9805 10475 14188 16240
4, 10, 3223 4684 6525 12512 12835 14044
4, 10, 3288 4424 6155 11662 18912
4, 10, 329 1099 3640 4202 11838 14168 17544
4, 10, 329 1099 3640 9416 17544
4, 10, 329 1099 9416 17544 19397
4, 10, 329 1604 3640 3658 11764
4, 10, 329 1604 3640 4202 17544
4, 10, 329 1604 3640 9416 11764 17544
4, 10, 329 3640 4202 7338 8105 11838 14168 17544
4, 10, 329 3640 4202 9416 11764 17544
4, 10, 329 3640 4202 9416 11838 14168 17544
4, 10, 329 3640 9416 11764 17544 19277 19397
4, 10, 342 3366 3473 5548 18648
4, 10, 3495 4627 8885 11039 16655
4, 10, 3512 6337 12427 12868 13537 14404 16044
4, 10, 3512 6337 7783 12427 13537 14404 16044 16714 16724
4, 10, 3512 6337 7783 12427 16044 16240 16641 16714
4, 10, 3620 5750 6703 16463 16765 18265
4, 10, 3620 5750 6703 8134 16463 18265
4, 10, 3620 5750 8134 8219 16463 16765 18063 18265
4, 10, 3620 5750 8134 8609 16463 16765 18063 18265
4, 10, 3638 6257 9497 12342 14227
4, 10, 3658 10153 10521 17624 18995
4, 10, 3688 7847 12916 15638 19739
4, 10, 3688 7847 8658 12916 19739
4, 10, 387 2783 8741 9081 9805 14650 15033 16849 19387
4, 10, 3926 5355 5876 14599 17327 18049
4, 10, 4034 4923 5694 10120 14403
4, 10, 4159 9081 11730 14650 19880
4, 10, 4202 7338 7355 7741 8105
4, 10, 4202 7338 7355 8105 11838 14168
4, 10, 4202 7338 8105 11838 14168 17544 19769
4, 10, 4268 4563 9897 11112 13891 19309
4, 10, 4538 5791 7039 7477 14978 16401
4, 10, 4538 5791 7477 14978 16401 17373
4, 10, 4574 5032 5437 6691 7530
4, 10, 4897 11179 12500 13716 14981
4, 10, 4897 5019 5844 11845 15034
4, 10, 4897 5844 11179 11845 12500 13716 15034
4, 10, 4923 5694 10120 14403 18168
4, 10, 5019 5844 9637 11845 15034
4, 10, 5090 5591 12780 18840 19887
4, 10, 5137 13626 13742 16169 18464
4, 10, 5432 7746 11940 12675 17591
4, 10, 5434 10475 14124 14188 14264 16325 16790
4, 10, 5598 5950 6019 7981 9534
4, 10, 5614 11774 12271 17465 17731
4, 10, 5750 6703 8134 11720 16463 18265
4, 10, 5791 7039 7477 16401 18484
4, 10, 5791 7477 16401 17373 18484
4, 10, 5844 9637 11179 11845 12500 13716 15034
4, 10, 6180 12572 13513 16743 17563
4, 10, 621 1906 4441 6904 7009 9873 16340 18496
4, 10, 621 1906 4441 6904 9873 13814 16340 18496
4, 10, 621 2514 6766 7929 13814 16340 17166
4, 10, 621 4441 6766 6904 7009 9873 16340 18496
4, 10, 621 4441 6766 6904 7929 9873 13814 16340 18496
4, 10, 621 6766 6904 7929 9873 13814 16340 17166 18496
4, 10, 651 2134 7716 8946 12641 15504 15834
4, 10, 651 2134 8946 10103 15504 15834
4, 10, 651 7716 8946 12641 15504 15834 16497
4, 10, 7185 9658 10752 11154 14569
4, 10, 7185 9658 10752 14569 15306
4, 10, 7526 12470 13873 18041 18235
4, 10, 757 2095 3078 5733 13044 14124 19895
4, 10, 7716 10557 12136 12641 16497
4, 10, 7716 10557 12641 15834 16497
4, 10, 7897 10424 13525 14316 18660
4, 10, 7903 8090 10967 11380 13296
4, 10, 825 10521 11800 16791 17129 18995
4, 10, 825 11800 14772 16791 17129 18995
4, 10, 825 7741 11800 16791 17129
4, 10, 825 7741 11800 16791 18995
4, 10, 8284 11634 13230 14161 19856
4, 10, 8284 13230 14161 15401 19856
4, 10, 8284 13230 14161 19856 19920
4, 10, 838 1619 7124 14590 19287
4, 10, 8631 9797 13579 14934 19548
4, 10, 8677 10148 11420 13071 13705 18213
4, 10, 8677 10148 11420 13071 13760 18213
4, 10, 8752 9614 12541 14549 19471
4, 10, 8752 9614 12541 16075 19471
4, 10, 8917 10461 16256 17419 19081
4, 10, 8941 9191 9390 10130 12759 14255 14286 16367 18602
4, 10, 8941 9191 9390 10130 12759 14286 16367 17537 18602
4, 10, 8941 9390 10130 12759 14255 14286 16367 17537 18602
4, 10, 8941 9390 10130 12759 14255 14286 16367 18140 18602
4, 10, 8941 9390 10130 14255 14286 16367 17537 18602 19513
4, 10, 9081 11730 13759 14650 19880
4, 10, 9191 9390 10130 12759 17537 17607
4, 10, 9390 10130 12759 14286 16367 17537 17607 18602
4, 10, 9390 10130 12759 15314 17537 17607
4, 10, 9390 10130 14286 16367 17537 17607 18602 19513
4, 10, 9614 12541 14549 17434 19471 19562
4, 10, 9658 10752 11154 12906 14569 15306
4, 10, 974 4115 4335 5652 18637
4, 10, 974 4335 7038 12287 18637
4, 10, 9826 10518 11696 14401 15202 19020
