0, 3, 11451 14865 14966 15411 16000
0, 3, 11578 11774 12063 12271 14290 17465 17693 17731
0, 3, 1162 7613 13796 15888 16344
0, 3, 1187 3525 5281 8667 15606
0, 3, 1414 2537 12483 18732 18898
0, 3, 1640 3211 4394 7351 17230
0, 3, 1765 10697 11451 14865 14966 16000
0, 3, 2003 3020 3078 5733 13044 16325 16790
0, 3, 2003 3078 5733 13044 14264 16325 16790
0, 3, 2037 3567 4308 6774 9830
0, 3, 2069 7288 10553 13112 13493
0, 3, 2109 6736 10499 14335 17191
0, 3, 2127 3158 4574 5032 6691 7530 12197
0, 3, 2134 5596 8946 10103 15504
0, 3, 2537 8997 12483 15880 18732 18898
0, 3, 2783 8741 9805 15033 16641 19387
0, 3, 2783 8741 9805 16240 16641 19387
0, 3, 2783 9081 9805 14650 15033 19387
0, 3, 3215 5434 8741 10475 14188
0, 3, 3215 5434 8741 14188 16641
0, 3, 3215 5434 8741 16240 16641
0, 3, 3215 8741 16240 16641 16714
0, 3, 3215 8741 9805 16240 16641
0, 3, 3223 4684 12512 12835 14044
0, 3, 3288 4424 6155 11662 18912
0, 3, 329 1604 3640 9416 11764
0, 3, 329 3640 4202 11838 14168 17544
0, 3, 3495 4627 8885 11039 16655
0, 3, 3512 6337 12427 13537 14404 16044
0, 3, 3512 6337 7783 12427 14404 16044 16714
0, 3, 3512 6337 7783 12427 16044 16240 16714
0, 3, 3620 5750 8134 8609 18063 18265
0, 3, 3620 5750 8219 8609 18063 18265
0, 3, 387 2783 9805 15033 16641 16849 19387
0, 3, 3926 5355 5876 14599 18049
0, 3, 4202 11838 13110 14168 17544
0, 3, 4202 7338 7355 8105 11838 14168
0, 3, 4202 7338 8105 11838 14168 17544
0, 3, 4268 4563 9897 11112 13891 19309
0, 3, 4441 6904 7009 9873 12283
0, 3, 4538 5791 7039 7477 16401
0, 3, 4538 7039 7477 14978 16401
0, 3, 4897 5844 11179 12500 13716
0, 3, 5019 5844 11845 13716 15034
0, 3, 621 4441 6904 7009 9873 13814 18496
0, 3, 621 6766 7929 13814 16340 18496
0, 3, 621 6904 7929 9873 13814 16340 18496
0, 3, 651 2134 7716 8946 12641 15834
0, 3, 651 2134 7716 8946 15504 15834
0, 3, 651 2134 8946 10103 15504
0, 3, 651 2134 8946 10103 15834
0, 3, 651 7716 8946 12641 15504 15834
0, 3, 651 7716 8946 15504 15834 16497
0, 3, 6766 7929 13814 16340 17166
0, 3, 6904 7009 9873 12283 18496
0, 3, 7716 8946 12641 15504 15834 16497
0, 3, 7783 8741 9805 16240 16641 16714
0, 3, 825 10521 11800 16791 17726
0, 3, 825 11800 14772 16791 17129 17726
0, 3, 8741 9805 16641 16849 19387
0, 3, 8941 10130 14255 14286 16367 17537 18602
0, 3, 8941 10130 14286 16367 17537 17607 18602
0, 3, 8941 14255 16367 18140 18602
0, 3, 8941 9191 9390 10130 12759 14255 14286
0, 3, 8941 9191 9390 10130 12759 14286 17607
0, 3, 8941 9390 10130 14255 14286 17537
0, 3, 8941 9390 10130 14286 17537 17607
0, 3, 9658 10752 11154 12906 15306
0, 3, 9826 10518 11696 15202 19020
1, 4, 11451 14865 14966 15411 16000
1, 4, 11578 11774 12063 12271 14290 17465 17693 17731
1, 4, 1162 7613 13796 15888 16344
1, 4, 1187 3525 5281 8667 15606
1, 4, 12541 14549 17434 19471 19562
1, 4, 1414 2537 12483 15880 18732 18898 19570
1, 4, 14286 16367 17537 18602 19513
1, 4, 1640 3211 4394 7351 17230
1, 4, 1765 10697 11451 14865 14966 16000
1, 4, 1851 4105 10883 18354 19624
1, 4, 2003 3020 3078 5733 13044 16325 16790
1, 4, 2003 3078 5733 13044 14264 16325 16790
1, 4, 2037 3567 4308 6774 9830
1, 4, 2069 7288 10553 13112 13493
1, 4, 2109 6736 10499 14335 17191
1, 4, 2127 3158 4574 5032 6691 7530 12197
1, 4, 2537 8997 12483 15880 18732 18898
1, 4, 2537 8997 12483 15880 18732 19570
1, 4, 2783 8741 9805 15033 16240 16641 19387
1, 4, 2783 8741 9805 15033 16641 16849 19387
1, 4, 2783 9081 9805 14650 15033 19387
1, 4, 3215 8741 9805 16240 16641
1, 4, 3223 4684 12512 12835 14044
1, 4, 3288 4424 6155 11662 18912
1, 4, 329 3640 4202 11838 14168 17544
1, 4, 3495 4627 8885 11039 16655
1, 4, 3512 6337 12427 13537 14404 16044
1, 4, 3512 6337 7783 12427 14404 16044 16714
1, 4, 3512 6337 7783 12427 16044 16240 16714
1, 4, 3620 5750 8134 8609 18063 18265
1, 4, 3620 5750 8219 8609 18063 18265
1, 4, 387 2783 9805 15033 16849 19387
1, 4, 3926 5355 5876 14599 18049
1, 4, 4202 11838 13110 14168 17544
1, 4, 4202 7338 7355 8105 11838 14168
1, 4, 4202 7338 8105 11838 14168 17544
1, 4, 4268 4563 9897 11112 13891 19309
1, 4, 4538 5791 7039 7477 16401
1, 4, 4538 7039 7477 14978 16401
1, 4, 621 4441 6904 7009 9873 13814 18496
1, 4, 621 6766 7929 13814 16340 17166
1, 4, 621 6766 7929 9873 13814 16340 18496
1, 4, 621 6904 7929 9873 13814 16340 18496
1, 4, 651 2134 7716 8946 12641 15834
1, 4, 651 2134 7716 8946 15504 15834
1, 4, 651 2134 8946 10103 15504 15834
1, 4, 651 7716 15504 15834 16497
1, 4, 651 7716 8946 12641 15504 15834
1, 4, 7526 12470 13873 18041 18235
1, 4, 7716 12641 15504 15834 16497
1, 4, 7783 8741 9805 16240 16641 16714
1, 4, 825 10521 11800 16791 18995
1, 4, 825 11800 14772 16791 17129 17726
1, 4, 8752 9614 12541 19471 19562
1, 4, 8941 10130 14255 14286 16367 17537 18602
1, 4, 8941 10130 14286 16367 17537 17607 18602
1, 4, 8941 14255 16367 18140 18602
1, 4, 8941 9191 9390 10130 12759 14255 14286
1, 4, 8941 9390 10130 12759 14255 14286 18602
1, 4, 8941 9390 10130 12759 14286 17607
1, 4, 8941 9390 10130 14255 14286 17537
1, 4, 8941 9390 10130 14286 17537 17607
1, 4, 8941 9390 10130 14286 17607 18602
1, 4, 9191 9390 10130 12759 14286 17607
1, 4, 9614 12541 14549 19471 19562
1, 4, 9658 10752 11154 12906 15306
1, 4, 9826 10518 11696 15202 19020
2, 5, 1099 11797 13110 17544 19769
2, 5, 11451 14865 14966 15411 16000
2, 5, 11578 11774 12063 12271 14290 17465 17693 17731
2, 5, 1162 7613 13796 15888 16344
2, 5, 11797 13110 14168 17544 19769
2, 5, 11800 14772 16791 17129 17726
2, 5, 1187 3525 5281 8667 15606
2, 5, 1414 2537 12483 15880 18732 18898 19570
2, 5, 14286 16367 17537 18602 19513
2, 5, 1640 3211 4394 7351 17230
2, 5, 1765 10697 11451 14865 14966 16000
2, 5, 1851 4105 10883 18354 19624
2, 5, 2003 3020 3078 5733 13044 14264 16325 16790
2, 5, 2037 3567 4308 6774 9830
2, 5, 2069 7288 10553 13112 13493
2, 5, 2109 6736 10499 14335 17191
2, 5, 2127 3158 4574 5032 6691 7530 12197
2, 5, 2537 8997 12483 15880 18732 19570
2, 5, 2783 8741 9805 15033 16240 16641 19387
2, 5, 2783 8741 9805 15033 16641 16849 19387
2, 5, 2783 9081 14650 15033 19387
2, 5, 2783 9081 9805 15033 19387
2, 5, 297 2122 2224 11492 13909
2, 5, 3215 5434 10475 14188 14264
2, 5, 3223 4684 12512 12835 14044
2, 5, 3223 6525 12512 12835 14044
2, 5, 3288 4424 6155 11662 18912
2, 5, 329 3640 4202 11838 14168 17544
2, 5, 3495 4627 8885 11039 16655
2, 5, 3512 6337 12427 13537 14404 16044
2, 5, 3512 6337 13537 14404 16724
2, 5, 3512 6337 7783 12427 14404 16044 16714
2, 5, 3620 5750 8134 8609 18063 18265
2, 5, 3620 5750 8219 18063 18265
2, 5, 387 2783 9805 15033 16849 19387
2, 5, 3926 5355 5876 14599 18049
2, 5, 4202 11838 13110 14168 17544 19769
2, 5, 4202 7338 7355 8105 11838 14168
2, 5, 4202 7338 8105 11838 14168 17544
2, 5, 4268 4563 9897 11112 13891 19309
2, 5, 4538 5791 7039 7477 16401
2, 5, 4538 7039 7477 14978 16401
2, 5, 5844 11179 12500 13716 15034
2, 5, 621 4441 6904 7009 9873 18496
2, 5, 621 4441 6904 9873 13814 16340 18496
2, 5, 621 6766 7929 13814 16340 17166
2, 5, 621 6766 7929 9873 13814 16340 18496
2, 5, 621 6904 7929 9873 13814 16340 18496
2, 5, 6337 7783 12427 16044 16240 16714
2, 5, 651 2134 7716 8946 12641 15834
2, 5, 651 2134 7716 8946 15504 15834
2, 5, 651 2134 8946 10103 15504
2, 5, 651 7716 12641 15834 16497
2, 5, 651 7716 8946 12641 15504 15834
2, 5, 7526 12470 13873 18041 18235
2, 5, 7783 8741 9805 16240 16641 16714
2, 5, 825 10521 11800 16791 18995
2, 5, 825 11800 14772 16791 17129
2, 5, 8752 9614 12541 19471 19562
2, 5, 8941 10130 14255 14286 16367 17537 18602
2, 5, 8941 14255 16367 18140 18602
2, 5, 8941 9191 9390 10130 12759 14286
2, 5, 8941 9390 10130 12759 14255 14286 18602
2, 5, 8941 9390 10130 12759 14286 17537 17607
2, 5, 8941 9390 10130 12759 14286 17607 18602
2, 5, 8941 9390 10130 14255 14286 17537 18602
2, 5, 8941 9390 10130 14286 17537 17607 18602
2, 5, 9614 12541 14549 19471 19562
2, 5, 9658 10752 11154 12906 15306
2, 5, 974 4335 7038 12287 18637
2, 5, 9826 10518 11696 15202 19020
3, 6, 11451 14865 14966 15411 16000
3, 6, 11578 11774 12063 12271 14290 17465 17693 17731
3, 6, 1162 7613 13796 15888 16344
3, 6, 11800 14772 16791 17129 17726
3, 6, 1187 3525 5281 8667 15606
3, 6, 1414 2537 12483 15880 18732 18898 19570
3, 6, 1414 2537 8997 12483 15880 18732 19570
3, 6, 14286 16367 17537 18602 19513
3, 6, 1640 3211 4394 7351 17230
3, 6, 1765 10697 11451 14865 14966 16000
3, 6, 1851 4105 10883 18354 19624
3, 6, 2003 3020 3078 5733 13044 14264 16325 16790 19895
3, 6, 2037 3567 4308 6774 9830
3, 6, 2069 7288 10553 13112 13493
3, 6, 2109 6736 10499 14335 17191
3, 6, 2127 3158 4574 5032 6691 7530 12197
3, 6, 2783 8741 9805 15033 16240 16641 16849 19387
3, 6, 2783 9081 14650 15033 19387
3, 6, 297 2122 2224 11492 13909
3, 6, 3215 5434 10475 14188 14264
3, 6, 3223 4684 12512 12835 14044
3, 6, 3223 6525 12512 12835 14044
3, 6, 3288 4424 6155 11662 18912
3, 6, 329 3640 4202 7338 11838 14168 17544
3, 6, 3495 4627 8885 11039 16655
3, 6, 3512 6337 12427 13537 14404 16044 16724
3, 6, 3512 6337 7783 12427 14404 16044 16714
3, 6, 3620 5750 8134 8609 18063 18265
3, 6, 387 2783 9805 15033 16849 19387
3, 6, 3926 5355 5876 14599 18049
3, 6, 4202 11838 14168 17544 19769
3, 6, 4202 7338 7355 8105 11838 14168
3, 6, 4202 7338 8105 11838 14168 17544
3, 6, 4268 9897 11112 13891 19309
3, 6, 4538 5791 7039 7477 14978 16401
3, 6, 5434 10475 14188 14264 16790
3, 6, 5844 11179 12500 13716 15034
3, 6, 621 4441 6904 7009 9873 18496
3, 6, 621 4441 6904 9873 13814 16340 18496
3, 6, 621 6766 6904 7929 9873 13814 16340 18496
3, 6, 621 6766 7929 13814 16340 17166
3, 6, 6337 7783 12427 16044 16240 16714
3, 6, 651 2134 7716 8946 12641 15834
3, 6, 651 2134 7716 8946 15504 15834
3, 6, 651 2134 8946 10103 15504
3, 6, 651 7716 12641 15834 16497
3, 6, 651 7716 8946 12641 15504 15834
3, 6, 7526 12470 13873 18041 18235
3, 6, 7783 8741 9805 16240 16641 16714
3, 6, 825 10521 11800 16791 18995
3, 6, 825 11800 14772 16791 17129
3, 6, 8677 10148 11420 13071 18213
3, 6, 8941 14255 14286 16367 18140 18602
3, 6, 8941 9191 9390 10130 12759 14286
3, 6, 8941 9390 10130 12759 14255 14286 18602
3, 6, 8941 9390 10130 12759 14286 17537 18602
3, 6, 8941 9390 10130 14255 14286 16367 17537 18602
3, 6, 9390 10130 12759 14286 17537 17607 18602
3, 6, 9614 12541 14549 19471 19562
3, 6, 9658 10752 11154 12906 15306
3, 6, 9826 10518 11696 15202 19020
4, 7, 10475 14188 14264 16325 16790
4, 7, 1099 11797 13110 14168 19769
4, 7, 11451 14865 14966 15411 16000
4, 7, 11578 11774 12063 12271 14290 17465 17693 17731
4, 7, 1162 7613 13796 15888 16344
4, 7, 11797 11838 13110 14168 19769
4, 7, 11800 14772 16791 17129 17726
4, 7, 1187 3525 5281 8667 15606
4, 7, 1414 2537 12483 15880 18732 18898 19570
4, 7, 1414 2537 8997 12483 15880 18732 19570
4, 7, 14286 16367 17537 18602 19513
4, 7, 1640 3211 4394 7351 17230
4, 7, 1765 10697 11451 14865 14966 16000
4, 7, 1851 4105 10883 18354 19624
4, 7, 2003 3020 3078 5733 13044 14264 16325 16790 19895
4, 7, 2037 3567 4308 6774 9830
4, 7, 2069 7288 10553 13112 13493
4, 7, 2127 3158 4574 5032 6691 7530 12197
4, 7, 2783 14650 15033 16849 19387
4, 7, 2783 8741 9805 15033 16240 16641 16849 19387
4, 7, 2783 9081 14650 15033 19387
4, 7, 297 2122 2224 11492 13909
4, 7, 3215 5434 10475 14188 14264 16790
4, 7, 3223 4684 12512 12835 14044
4, 7, 3223 6525 12512 12835 14044
4, 7, 3288 4424 6155 11662 18912
4, 7, 329 3640 4202 7338 11838 14168 17544
4, 7, 3495 4627 8885 11039 16655
4, 7, 3512 6337 12427 13537 14404 16044 16724
4, 7, 3512 6337 7783 12427 14404 16044 16714
4, 7, 3620 5750 8134 8609 18063 18265
4, 7, 387 2783 9805 15033 16849 19387
4, 7, 4202 7338 7355 8105 11838 14168
4, 7, 4202 7338 8105 11838 14168 17544
4, 7, 4268 9897 11112 13891 19309
4, 7, 4441 6904 7009 9873 18496
4, 7, 4538 5791 7039 7477 14978 16401
4, 7, 5844 11179 12500 13716 15034
4, 7, 621 4441 6904 9873 13814 16340 18496
4, 7, 621 6766 6904 7929 9873 13814 16340 18496
4, 7, 621 6766 7929 13814 16340 17166
4, 7, 651 2134 7716 8946 12641 15834
4, 7, 651 2134 7716 8946 15504 15834
4, 7, 651 2134 8946 10103 15504
4, 7, 651 7716 12641 15834 16497
4, 7, 651 7716 8946 12641 15504 15834
4, 7, 7526 12470 13873 18041 18235
4, 7, 7783 12427 16044 16240 16714
4, 7, 7783 16044 16240 16641 16714
4, 7, 7783 8741 16240 16641 16714
4, 7, 825 10521 11800 16791 18995
4, 7, 825 11800 14772 16791 17129
4, 7, 8677 10148 11420 13071 18213
4, 7, 8941 14255 14286 16367 18140 18602
4, 7, 8941 9191 9390 10130 12759 14286
4, 7, 8941 9390 10130 12759 14255 14286 16367 18602
4, 7, 8941 9390 10130 12759 14286 17537 18602
4, 7, 8941 9390 10130 14255 14286 16367 17537 18602
4, 7, 9390 10130 12759 14286 17537 17607
4, 7, 9614 12541 14549 19471 19562
4, 7, 9658 10752 11154 14569 15306
4, 7, 9826 10518 11696 15202 19020
5, 8, 1099 11797 11838 13110 14168 19769
5, 8, 11578 11774 12063 12271 14290 17465 17693 17731
5, 8, 1162 7613 13796 15888 16344
5, 8, 1187 3525 5281 8667 15606
5, 8, 1414 2537 12483 15880 18732 18898 19570
5, 8, 1414 2537 8997 12483 15880 18732 19570
5, 8, 142 824 1204 2778 9945
5, 8, 14286 16367 17537 18602 19513
5, 8, 1640 3211 4394 7351 17230
5, 8, 1765 10697 11451 14865 14966 16000
5, 8, 1765 11451 14865 14966 15411 16000
5, 8, 1851 4105 10883 18354 19624
5, 8, 2003 3020 3078 5733 13044 14264 16325 16790 19895
5, 8, 2037 3567 4308 6774 9830
5, 8, 2069 7288 10553 13112 13493
5, 8, 2127 3158 4574 5032 6691 7530 12197
5, 8, 2783 14650 15033 16849 19387
5, 8, 2783 8741 9805 15033 16240 16641 16849 19387
5, 8, 2783 9081 14650 15033 19387
5, 8, 297 2122 2224 11492 13909
5, 8, 3078 14124 14264 16325 16790
5, 8, 3215 5434 10475 14188 14264 16790
5, 8, 3223 4684 12512 12835 14044
5, 8, 3223 6525 12512 12835 14044
5, 8, 3288 4424 6155 11662 18912
5, 8, 329 3640 4202 7338 11838 14168 17544
5, 8, 329 3640 9416 11764 17544
5, 8, 3495 4627 8885 11039 16655
5, 8, 3512 6337 12427 13537 14404 16044 16724
5, 8, 3512 6337 7783 12427 14404 16044 16714
5, 8, 3620 5750 16463 16765 18265
5, 8, 3620 5750 16765 18063 18265
5, 8, 3620 5750 8134 16463 18265
5, 8, 3620 5750 8134 8609 18063 18265
5, 8, 387 2783 9805 15033 16849 19387
5, 8, 4202 7338 7355 8105 11838 14168
5, 8, 4202 7338 8105 11838 14168 17544
5, 8, 4268 9897 11112 13891 19309
5, 8, 4441 6904 7009 9873 18496
5, 8, 4538 5791 7477 14978 16401
5, 8, 4538 7039 7477 14978 16401
5, 8, 5434 10475 14188 14264 16325 16790
5, 8, 5791 7039 7477 14978 16401
5, 8, 5844 11179 12500 13716 15034
5, 8, 5844 9637 11845 13716 15034
5, 8, 621 4441 6904 9873 13814 16340 18496
5, 8, 621 6766 6904 7929 9873 13814 16340 18496
5, 8, 621 6766 7929 9873 13814 16340 17166
5, 8, 651 2134 7716 8946 12641 15504 15834
5, 8, 651 2134 8946 10103 15504
5, 8, 651 7716 12641 15834 16497
5, 8, 7526 12470 13873 18041 18235
5, 8, 7783 12427 16044 16240 16714
5, 8, 7783 16044 16240 16641 16714
5, 8, 825 11800 14772 16791 17129
5, 8, 8677 10148 11420 13071 18213
5, 8, 8941 14255 14286 16367 18140 18602
5, 8, 8941 9390 10130 12759 14255 14286 16367 18602
5, 8, 8941 9390 10130 12759 14286 16367 17537 18602
5, 8, 8941 9390 10130 14255 14286 16367 17537 18602
5, 8, 9390 10130 12759 17537 17607
5, 8, 9614 12541 14549 19471 19562
5, 8, 9658 10752 11154 14569 15306
5, 8, 9826 10518 11696 15202 19020
6, 9, 10130 14286 16367 17537 18602 19513
6, 9, 10475 14124 14188 14264 16790
6, 9, 1099 11797 11838 13110 14168 19769
6, 9, 1128 2201 6070 8151 11385
6, 9, 11578 11774 12063 12271 14290 17465 17693 17731
6, 9, 1162 7613 13796 15888 16344
6, 9, 1187 3525 5281 8667 15606
6, 9, 1414 2537 12483 15880 18732 18898 19570
6, 9, 1414 2537 8997 12483 15880 18732 19570
6, 9, 142 824 1204 2778 9945
6, 9, 1640 3211 4394 7351 17230
6, 9, 1646 6364 7062 12245 13504
6, 9, 1765 10697 11451 14865 14966 16000
6, 9, 1765 11451 14865 14966 15411 16000
6, 9, 1851 4105 10883 18354 19624
6, 9, 1906 4441 6904 9873 18496
6, 9, 2003 3020 3078 5733 13044 14264 16325 16790 19895
6, 9, 2037 3567 4308 6774 9830
6, 9, 2069 7288 10553 13112 13493
6, 9, 2127 3158 4574 5032 6691 7530 12197
6, 9, 2783 8741 9805 15033 16240 16641 16849 19387
6, 9, 2783 9081 14650 15033 16849 19387
6, 9, 297 2122 2224 11492 13909
6, 9, 3078 13044 14124 14264 16325 16790 19895
6, 9, 3215 5434 10475 14188 14264 16325 16790
6, 9, 3223 4684 12512 12835 14044
6, 9, 3223 6525 12512 12835 14044
6, 9, 329 3640 4202 7338 11838 14168 17544
6, 9, 329 3640 9416 11764 17544
6, 9, 3495 4627 8885 11039 16655
6, 9, 3512 6337 12427 13537 14404 16044 16724
6, 9, 3512 6337 7783 12427 14404 16044 16714
6, 9, 3620 5750 16463 16765 18265
6, 9, 3620 5750 16765 18063 18265
6, 9, 3620 5750 8134 16463 18265
6, 9, 3620 5750 8134 8609 18063 18265
6, 9, 387 2783 15033 16849 19387
6, 9, 3962 4404 4676 9435 12378
6, 9, 4202 7338 8105 11838 14168 17544
6, 9, 4268 9897 11112 13891 19309
6, 9, 4538 5791 7477 14978 16401
6, 9, 4538 7039 7477 14978 16401
6, 9, 5844 11179 12500 13716 15034
6, 9, 5844 9637 11845 13716 15034
6, 9, 621 4441 6766 6904 9873 13814 16340 18496
6, 9, 621 6766 6904 7929 9873 13814 16340 18496
6, 9, 621 6766 7929 9873 13814 16340 17166
6, 9, 651 2134 7716 8946 12641 15504 15834
6, 9, 651 2134 8946 10103 15504
6, 9, 7338 7355 8105 11838 14168
6, 9, 7526 12470 13873 18041 18235
6, 9, 825 11800 14772 16791 17129
6, 9, 8677 10148 11420 13071 18213
6, 9, 8941 14255 14286 16367 18140 18602
6, 9, 8941 9390 10130 12759 14255 14286 16367 17537 18602
6, 9, 9390 10130 12759 17537 17607
6, 9, 9614 12541 14549 19471 19562
6, 9, 9658 10752 11154 14569 15306
6, 9, 974 4115 4335 5652 18637
6, 9, 9826 10518 11696 15202 19020
7, 10, 10130 14286 16367 17537 18602 19513
7, 10, 10475 14124 14188 14264 16325 16790
7, 10, 10697 11451 14865 14966 15411 16000
7, 10, 1099 11797 11838 13110 14168 19769
7, 10, 1099 4202 11838 14168 17544
7, 10, 1128 2201 6070 8151 11385
7, 10, 11578 11774 12063 12271 14290 17465 17693 17731
7, 10, 1162 7613 13796 15888 16344
7, 10, 1187 3525 5281 8667 15606
7, 10, 1414 2537 12483 15880 18732 18898 19570
7, 10, 1414 2537 8997 15880 18732 19570
7, 10, 142 824 1204 2778 9945
7, 10, 1640 3211 4394 7351 17230
7, 10, 1646 6364 7062 12245 13504
7, 10, 1765 10697 11451 14865 14966 16000
7, 10, 1765 11451 14865 14966 15411 16000
7, 10, 1851 4105 10883 18354 19624
7, 10, 1906 4441 6904 9873 18496
7, 10, 2003 3020 3078 5733 13044 14264 16325 16790 19895
7, 10, 2003 3078 5733 13044 14124 14264 16325 16790 19895
7, 10, 2037 3567 4308 6774 9830
7, 10, 2069 7288 10553 13112 13493
7, 10, 2127 3158 4574 5032 6691 7530 12197
7, 10, 2783 8741 9805 15033 16240 16641 16849 19387
7, 10, 2783 9081 14650 15033 16849
7, 10, 2783 9081 15033 16849 19387
7, 10, 297 2122 2224 11492 13909
7, 10, 3215 5434 10475 14188 14264 16325 16790
7, 10, 3223 4684 6525 12512 12835 14044
7, 10, 329 3640 4202 7338 11838 14168 17544
7, 10, 329 3640 9416 11764 17544
7, 10, 329 3640 9416 11764 19277
7, 10, 3495 4627 8885 11039 16655
7, 10, 3512 6337 12427 13537 14404 16044 16724
7, 10, 3512 6337 7783 12427 14404 16044 16714
7, 10, 3620 5750 16463 16765 18265
7, 10, 3620 5750 16765 18063 18265
7, 10, 3620 5750 8134 16463 18265
7, 10, 3620 5750 8134 8609 18063 18265
7, 10, 387 2783 8741 15033 16849 19387
7, 10, 3962 4404 4676 9435 12378
7, 10, 4202 7338 8105 11838 14168 17544
7, 10, 4268 9897 11112 13891 19309
7, 10, 4538 7039 7477 14978 16401
7, 10, 5432 7746 11940 12675 17591
7, 10, 5844 11179 12500 13716 15034
7, 10, 5844 9637 11845 13716 15034
7, 10, 621 4441 6766 6904 9873 13814 16340 18496
7, 10, 621 6766 6904 7929 9873 13814 16340 18496
7, 10, 621 6766 7929 9873 13814 16340 17166 18496
7, 10, 651 2134 7716 8946 12641 15504 15834
7, 10, 651 2134 8946 10103 15504
7, 10, 7526 12470 13873 18041 18235
7, 10, 825 11800 14772 16791 17129
7, 10, 825 11800 16791 17129 18995
7, 10, 8677 10148 11420 13071 18213
7, 10, 8941 14255 14286 16367 18140 18602
7, 10, 8941 9390 10130 12759 14255 14286 16367 18602
7, 10, 8941 9390 10130 12759 14286 16367 17537 18602
7, 10, 9390 10130 12759 17537 17607
7, 10, 9614 12541 14549 19471 19562
7, 10, 9658 10752 11154 14569 15306
7, 10, 974 4115 4335 5652 18637
7, 10, 9826 10518 11696 14401 19020
7, 10, 9826 10518 11696 15202 19020
