0, 7, 10131 12406 13072
0, 7, 102 7006 14556
0, 7, 10319 12211 14529
0, 7, 10518 11696 19020
0, 7, 10518 15202 19020
0, 7, 10637 14776 16572
0, 7, 10697 14865 14966
0, 7, 1073 1713 11324
0, 7, 10789 14609 18664
0, 7, 10949 11899 14848
0, 7, 1099 11797 13110
0, 7, 11112 13891 19309
0, 7, 11121 11246 12647
0, 7, 11179 12500 13716
0, 7, 1122 3202 4136
0, 7, 1132 11616 15685
0, 7, 11401 15165 18527
0, 7, 1142 1530 3413
0, 7, 11451 14865 14966 15411 16000
0, 7, 11509 13746 14130
0, 7, 11578 11774 12063 12271 14290 17693 17731
0, 7, 11578 11774 12063 12271 17465 17693
0, 7, 1162 13796 16344
0, 7, 1162 7613 13796 15888
0, 7, 11800 14772 17129
0, 7, 1187 3525 8667 15606
0, 7, 11891 14365 17888
0, 7, 11900 13560 15138
0, 7, 1209 1586 7258
0, 7, 12383 15461 16763
0, 7, 12470 13873 18041
0, 7, 12512 12835 14044
0, 7, 13357 15654 16715
0, 7, 13381 14342 17941
0, 7, 1346 5438 5891
0, 7, 13736 13770 19142
0, 7, 1384 18088 19160
0, 7, 13949 15157 18422
0, 7, 1414 2537 12483
0, 7, 142 1204 2778 9945
0, 7, 14286 17537 18602
0, 7, 14657 15971 16197
0, 7, 14723 14747 17829
0, 7, 148 1123 10880
0, 7, 1507 7961 8495
0, 7, 15529 15642 16066
0, 7, 15529 16060 16066
0, 7, 1570 2218 6996
0, 7, 1570 6996 13301
0, 7, 15701 17669 18179
0, 7, 1587 2151 2874 18967
0, 7, 1599 4177 15146
0, 7, 1610 12560 14165
0, 7, 1610 14165 18344
0, 7, 1615 6814 14381
0, 7, 1640 3211 4394 7351
0, 7, 1640 7351 17230
0, 7, 1642 9351 17917
0, 7, 1646 7062 12245 13504
0, 7, 16791 17129 17726
0, 7, 1765 10697 14865
0, 7, 1824 3781 14679
0, 7, 1851 4105 10883
0, 7, 1863 7790 11969
0, 7, 1883 3433 11089
0, 7, 1890 6414 12845
0, 7, 1890 6414 13016
0, 7, 1891 8502 18347
0, 7, 1908 13311 18789
0, 7, 1960 2479 8553
0, 7, 197 2937 18051
0, 7, 1985 4739 12334
0, 7, 2003 13044 16325 16790
0, 7, 2003 3020 3078 5733 13044
0, 7, 2003 3020 5733 13044 16325
0, 7, 2003 3078 5733 13044 16325
0, 7, 2016 12131 18736
0, 7, 2037 3567 4308
0, 7, 2037 4308 6774
0, 7, 2069 7288 10553 13112 13493
0, 7, 2085 4770 11137
0, 7, 2087 2450 3749 5424
0, 7, 2109 10499 14335
0, 7, 211 604 2500
0, 7, 2127 3158 5032 6691 12197
0, 7, 2186 4786 14111
0, 7, 2192 6833 10456
0, 7, 2194 10203 17763
0, 7, 2201 6070 8151
0, 7, 2201 8151 11385
0, 7, 2244 9904 15582
0, 7, 2294 8184 13077
0, 7, 2294 8184 8658
0, 7, 2332 12308 16666
0, 7, 2404 6172 14522
0, 7, 2492 8125 16337
0, 7, 2510 5395 16881
0, 7, 2537 8997 15880 18732
0, 7, 2540 2899 6864 8444
0, 7, 2595 3338 7190
0, 7, 2750 3388 6298
0, 7, 2783 9805 15033 16849 19387
0, 7, 2843 4977 5709
0, 7, 2895 8858 9801
0, 7, 2948 5240 6554 17094
0, 7, 297 2122 2224 13909
0, 7, 3015 3796 13420
0, 7, 3027 10830 18399
0, 7, 3062 15908 18028
0, 7, 3094 5045 10680
0, 7, 3140 3297 16178
0, 7, 3145 6914 17173
0, 7, 3158 4574 5032 6691 7530 12197
0, 7, 3215 5434 10475 14188
0, 7, 3223 12835 14044
0, 7, 3223 4684 14044
0, 7, 325 3296 15356
0, 7, 3288 4424 6155 11662
0, 7, 329 3640 17544
0, 7, 329 3640 9416 11764
0, 7, 337 4701 15329
0, 7, 3417 10794 17542
0, 7, 3417 10794 18746
0, 7, 3495 4627 8885 11039 16655
0, 7, 3512 6337 12427 14404 16044
0, 7, 3512 6337 7783 12427 16044 16714
0, 7, 3521 8214 9468
0, 7, 3567 4308 9830
0, 7, 3620 18063 18265
0, 7, 3620 5750 18265
0, 7, 3675 4656 10501 10984
0, 7, 3713 3763 11561
0, 7, 3720 10591 18311
0, 7, 3796 5453 13420
0, 7, 3866 8688 16766
0, 7, 3899 16179 16310
0, 7, 3926 5355 14599
0, 7, 3926 5355 5876
0, 7, 3962 4404 4676 12378
0, 7, 4006 4662 8687
0, 7, 4091 5397 11847
0, 7, 410 3145 17173
0, 7, 4118 10845 15666
0, 7, 4148 18137 18284
0, 7, 4153 10421 16403
0, 7, 4159 4751 11730
0, 7, 4160 8971 18408
0, 7, 4202 7338 11838 14168 17544
0, 7, 4202 7338 8105 11838 14168
0, 7, 4268 13891 19309
0, 7, 4305 4895 12925
0, 7, 4441 6904 9873
0, 7, 4485 7403 16520
0, 7, 4573 15296 16779
0, 7, 463 9723 12748
0, 7, 4654 5784 11801
0, 7, 4670 7236 9982
0, 7, 475 7807 11233
0, 7, 4836 6366 7392
0, 7, 490 1247 19203
0, 7, 4923 5694 14403
0, 7, 5090 5591 18840
0, 7, 5208 9470 9925
0, 7, 5394 6340 18927
0, 7, 5394 7754 18927
0, 7, 5427 16307 18490
0, 7, 5472 7919 10715
0, 7, 5526 7954 10245
0, 7, 557 5892 12540
0, 7, 5598 5950 6019
0, 7, 5653 12534 12568
0, 7, 5674 7619 12270
0, 7, 5750 8134 18265
0, 7, 578 3081 6681 9624
0, 7, 5815 6562 8286
0, 7, 5892 10546 12540
0, 7, 6 8067 15319
0, 7, 6082 7507 11191
0, 7, 61 3786 13791
0, 7, 6136 9649 18348
0, 7, 6150 9967 11382
0, 7, 6152 9274 18836
0, 7, 6179 7879 13985
0, 7, 6180 16743 17563
0, 7, 621 13814 16340 18496
0, 7, 621 6904 9873 13814 18496
0, 7, 621 7929 13814 16340
0, 7, 6228 16709 17565
0, 7, 6256 6851 17446 18259
0, 7, 651 2134 8946 15504
0, 7, 651 2134 8946 15834
0, 7, 6525 12512 12835
0, 7, 6577 11180 11978
0, 7, 6742 9391 12686
0, 7, 6766 7929 13814 16340
0, 7, 6766 7929 17166
0, 7, 6768 10361 11201 17055
0, 7, 6794 8042 12517
0, 7, 685 8835 9827
0, 7, 6869 12020 13788
0, 7, 687 1807 6687
0, 7, 6948 9771 13832
0, 7, 7006 8740 14556
0, 7, 712 1908 13311
0, 7, 7168 7764 8291
0, 7, 731 4260 10961
0, 7, 7321 12293 17807
0, 7, 7446 16256 17419
0, 7, 7455 7854 15853
0, 7, 7520 9310 11714
0, 7, 7526 12470 13873
0, 7, 7619 12270 12869
0, 7, 7716 12641 16497
0, 7, 7765 9207 10602
0, 7, 7783 16240 16641 16714
0, 7, 7785 8290 14902
0, 7, 7897 14316 18660
0, 7, 7903 10967 13296
0, 7, 7903 8090 13296
0, 7, 7935 13410 19263
0, 7, 8071 10679 11487
0, 7, 8134 8609 18063 18265
0, 7, 8153 8422 13846
0, 7, 8217 14417 16793
0, 7, 835 1503 8816
0, 7, 837 11361 12557
0, 7, 8395 11253 15262
0, 7, 8484 14952 17024
0, 7, 8484 14952 17961
0, 7, 853 8894 11670
0, 7, 8617 8820 11629
0, 7, 8651 10776 13313
0, 7, 8677 11420 13705
0, 7, 8741 16240 16641
0, 7, 8741 9805 16641
0, 7, 8856 9862 10233
0, 7, 8896 13782 15282 18199
0, 7, 8935 14213 17365
0, 7, 8941 14255 14286 16367 18602
0, 7, 8941 9390 10130 14286
0, 7, 9032 10378 10569
0, 7, 9062 11315 19093
0, 7, 9157 10359 10988
0, 7, 9170 11163 12643
0, 7, 9182 12200 15595
0, 7, 9191 9390 12759
0, 7, 9390 10130 12759
0, 7, 9637 11845 15034
0, 7, 9705 13000 14093
0, 7, 9776 11932 13068
0, 7, 9826 15202 19020
0, 7, 9889 14511 16725
0, 7, 9897 11112 19309
0, 7, 9898 11163 12643
1, 8, 10131 12406 13072
1, 8, 102 7006 14556
1, 8, 10319 12211 14529
1, 8, 10518 11696 19020
1, 8, 10518 15202 19020
1, 8, 10637 14776 16572
1, 8, 10697 14865 14966 16000
1, 8, 1073 1713 11324
1, 8, 10789 14609 18664
1, 8, 10949 11899 14848
1, 8, 1099 11797 13110
1, 8, 11121 11246 12647
1, 8, 11179 12500 13716
1, 8, 1122 3202 4136
1, 8, 11297 15162 19032
1, 8, 1132 11616 15685
1, 8, 11327 13295 16207
1, 8, 11401 15165 18527
1, 8, 1142 1530 3413
1, 8, 11451 14865 14966 15411 16000
1, 8, 11509 13746 14130
1, 8, 11578 11774 12063 12271 14290 17693 17731
1, 8, 11578 11774 12063 12271 17465 17693 17731
1, 8, 1162 13796 16344
1, 8, 1162 7613 13796 15888
1, 8, 1187 3525 8667 15606
1, 8, 11891 14365 17888
1, 8, 11900 13560 15138
1, 8, 1209 1586 7258
1, 8, 12383 15461 16763
1, 8, 12512 12835 14044
1, 8, 12541 14549 19562
1, 8, 12541 19471 19562
1, 8, 13357 15654 16715
1, 8, 13736 13770 19142
1, 8, 1384 18088 19160
1, 8, 13949 15157 18422
1, 8, 142 1204 2778 9945
1, 8, 14264 16325 16790
1, 8, 14286 17537 18602
1, 8, 14657 15971 16197
1, 8, 14723 14747 17829
1, 8, 148 1123 10880
1, 8, 15529 15642 16066
1, 8, 15529 16060 16066
1, 8, 1570 2218 6996
1, 8, 1570 6996 13301
1, 8, 15701 17669 18179
1, 8, 1587 2151 2874 18967
1, 8, 1599 4177 15146
1, 8, 1610 12560 14165
1, 8, 1610 14165 18344
1, 8, 1615 6814 14381
1, 8, 1640 3211 4394 7351
1, 8, 1640 3211 7351 17230
1, 8, 1642 9351 17917
1, 8, 1646 7062 12245 13504
1, 8, 1765 10697 14865
1, 8, 1824 3781 14679
1, 8, 1851 10883 19624
1, 8, 1851 4105 10883
1, 8, 1863 7790 11969
1, 8, 1883 3433 11089
1, 8, 1890 6414 12845
1, 8, 1890 6414 13016
1, 8, 1891 8502 18347
1, 8, 1908 13311 18789
1, 8, 196 1111 15188
1, 8, 1960 2479 8553
1, 8, 197 2937 18051
1, 8, 1985 4739 12334
1, 8, 2003 13044 16325 16790
1, 8, 2003 3020 3078 5733 13044
1, 8, 2003 3020 5733 13044 16325
1, 8, 2016 12131 18736
1, 8, 2029 12976 13667
1, 8, 2037 3567 4308 9830
1, 8, 2037 4308 6774
1, 8, 2069 7288 10553 13112 13493
1, 8, 2085 4770 11137
1, 8, 2087 2450 3749 5424
1, 8, 2109 10499 14335
1, 8, 211 604 2500
1, 8, 2127 3158 5032 6691 12197
1, 8, 2186 4786 14111
1, 8, 2192 6833 10456
1, 8, 2194 10203 17763
1, 8, 2201 6070 8151
1, 8, 2201 8151 11385
1, 8, 2244 9904 15582
1, 8, 2294 8184 8658
1, 8, 2332 12308 16666
1, 8, 2404 6172 14522
1, 8, 2492 8125 16337
1, 8, 2510 5395 16881
1, 8, 2537 15880 18732 19570
1, 8, 2537 8997 15880 18732
1, 8, 2540 2899 6864 8444
1, 8, 2595 3338 7190
1, 8, 2750 3388 6298
1, 8, 2783 9805 15033 16849 19387
1, 8, 2843 4977 5709
1, 8, 2895 8858 9801
1, 8, 2948 5240 6554 17094
1, 8, 297 2122 2224 13909
1, 8, 2984 8248 14554
1, 8, 3015 3796 13420
1, 8, 3027 10830 18399
1, 8, 3062 15908 18028
1, 8, 3094 5045 10680
1, 8, 3140 3297 16178
1, 8, 3145 6914 17173
1, 8, 3158 4574 5032 6691 7530 12197
1, 8, 3215 5434 10475 14188
1, 8, 3223 12835 14044
1, 8, 3223 4684 14044
1, 8, 325 3296 15356
1, 8, 3280 3308 5888
1, 8, 3288 4424 6155 11662
1, 8, 329 3640 17544
1, 8, 329 3640 9416 11764
1, 8, 337 4701 15329
1, 8, 3403 17633 19316
1, 8, 3417 10794 17542
1, 8, 3417 10794 18746
1, 8, 3495 4627 8885 11039 16655
1, 8, 3512 6337 12427 14404 16044
1, 8, 3512 6337 7783 12427 16044 16714
1, 8, 3620 5750 18265
1, 8, 3675 4656 10501 10984
1, 8, 3713 3763 11561
1, 8, 3796 5453 13420
1, 8, 3866 8688 16766
1, 8, 3899 16179 16310
1, 8, 3926 5355 14599
1, 8, 3926 5355 5876
1, 8, 3962 4404 4676 12378
1, 8, 4091 5397 11847
1, 8, 410 3145 17173
1, 8, 4153 10421 16403
1, 8, 4159 4751 11730
1, 8, 4160 8971 18408
1, 8, 4202 7338 11838 14168 17544
1, 8, 4202 7338 8105 11838 14168
1, 8, 4268 13891 19309
1, 8, 4305 4895 12925
1, 8, 4441 6904 9873
1, 8, 4485 7403 16520
1, 8, 4573 15296 16779
1, 8, 463 9723 12748
1, 8, 4654 5784 11801
1, 8, 4670 7236 9982
1, 8, 475 7807 11233
1, 8, 4836 6366 7392
1, 8, 490 1247 19203
1, 8, 4923 5694 14403
1, 8, 5090 5591 18840
1, 8, 5281 8667 15606
1, 8, 530 10702 11497
1, 8, 5394 6340 18927
1, 8, 5394 7754 18927
1, 8, 5427 16307 18490
1, 8, 5472 7919 10715
1, 8, 5526 7954 10245
1, 8, 5598 5950 6019
1, 8, 5674 7619 12270
1, 8, 5733 14264 16325
1, 8, 5750 8134 18265
1, 8, 578 3081 6681 9624
1, 8, 5815 6562 8286
1, 8, 5892 10546 12540
1, 8, 5914 7683 13608
1, 8, 6 8067 15319
1, 8, 6082 7507 11191
1, 8, 6136 9649 18348
1, 8, 6150 9967 11382
1, 8, 6152 9274 18836
1, 8, 6179 7879 13985
1, 8, 6180 16743 17563
1, 8, 621 13814 16340 18496
1, 8, 621 6904 9873 13814 18496
1, 8, 621 7929 13814 16340
1, 8, 6228 16709 17565
1, 8, 6256 6851 17446 18259
1, 8, 651 2134 15834
1, 8, 651 2134 8946 15504
1, 8, 6525 12512 12835
1, 8, 6577 11180 11978
1, 8, 6742 9391 12686
1, 8, 6766 7929 13814 16340
1, 8, 6766 7929 17166
1, 8, 6768 10361 17055
1, 8, 6768 11201 17055
1, 8, 6794 8042 12517
1, 8, 6794 8042 15804
1, 8, 685 8835 9827
1, 8, 6869 12020 13788
1, 8, 687 1807 6687
1, 8, 6948 9771 13832
1, 8, 7006 8740 14556
1, 8, 712 1908 13311
1, 8, 7168 7764 8291
1, 8, 731 4260 10961
1, 8, 7321 12293 17807
1, 8, 7362 10639 11462
1, 8, 7446 16256 17419
1, 8, 7455 7854 15853
1, 8, 7520 9310 11714
1, 8, 7526 12470 13873 18041
1, 8, 7619 12270 12869
1, 8, 7716 12641 16497
1, 8, 7765 9207 10602
1, 8, 7783 16240 16641 16714
1, 8, 7785 8290 14902
1, 8, 7897 14316 18660
1, 8, 7903 10967 13296
1, 8, 7903 8090 13296
1, 8, 7935 13410 19263
1, 8, 8071 10679 11487
1, 8, 8134 18063 18265
1, 8, 8134 8609 18063
1, 8, 8134 8609 18265
1, 8, 8153 8422 13846
1, 8, 8217 14417 16793
1, 8, 825 11800 16791
1, 8, 835 1503 8816
1, 8, 837 11361 12557
1, 8, 8395 11253 15262
1, 8, 8484 14952 17024
1, 8, 8484 14952 17961
1, 8, 853 8894 11670
1, 8, 8617 8820 11629
1, 8, 8651 10776 13313
1, 8, 8677 11420 13705
1, 8, 8695 13132 14564
1, 8, 8741 16240 16641
1, 8, 8741 9805 16641
1, 8, 8856 9862 10233
1, 8, 8896 13782 15282 18199
1, 8, 892 19457 19543
1, 8, 8935 14213 17365
1, 8, 8941 14255 14286 16367 18602
1, 8, 8941 9390 10130 12759
1, 8, 8941 9390 10130 14286
1, 8, 8958 9605 12640
1, 8, 9032 10378 10569
1, 8, 9157 10359 10988
1, 8, 9170 11163 12643
1, 8, 9182 12200 15595
1, 8, 9362 12928 19536
1, 8, 9390 10130 12759 14286
1, 8, 9614 14549 19562
1, 8, 9637 11845 15034
1, 8, 9705 13000 14093
1, 8, 9776 11932 13068
1, 8, 9805 16641 19387
1, 8, 9826 11696 19020
1, 8, 9826 15202 19020
1, 8, 988 11325 14939
1, 8, 9889 14511 16725
1, 8, 9897 11112 19309
1, 8, 9898 11163 12643
2, 9, 10131 12406 13072
2, 9, 102 7006 14556
2, 9, 10319 12211 14529
2, 9, 10637 14776 16572
2, 9, 10697 14865 14966 16000
2, 9, 1073 1713 11324
2, 9, 10949 11899 14848
2, 9, 1099 11797 13110 19769
2, 9, 11121 11246 12647
2, 9, 11179 12500 13716
2, 9, 1122 3202 4136
2, 9, 11297 15162 19032
2, 9, 1132 11616 15685
2, 9, 11327 13295 16207
2, 9, 11401 15165 18527
2, 9, 1142 1530 3413
2, 9, 11451 14865 14966 15411 16000
2, 9, 11509 13746 14130
2, 9, 11578 11774 12063 12271 14290 17465 17693
2, 9, 11578 11774 12063 12271 14290 17693 17731
2, 9, 11578 11774 12063 12271 17465 17693 17731
2, 9, 1162 13796 16344
2, 9, 1162 7613 13796 15888
2, 9, 1187 3525 8667 15606
2, 9, 11891 14365 17888
2, 9, 11900 13560 15138
2, 9, 1209 1586 7258
2, 9, 12383 15461 16763
2, 9, 12512 12835 14044
2, 9, 12541 14549 19471
2, 9, 13357 15654 16715
2, 9, 13736 13770 19142
2, 9, 1384 18088 19160
2, 9, 13949 15157 18422
2, 9, 14138 16479 18921
2, 9, 142 1204 2778 9945
2, 9, 14264 16325 16790
2, 9, 14286 17537 18602
2, 9, 14549 19471 19562
2, 9, 14657 15971 16197
2, 9, 14723 14747 17829
2, 9, 148 1123 10880
2, 9, 15529 15642 16066
2, 9, 15529 16060 16066
2, 9, 1570 2218 6996
2, 9, 15701 17669 18179
2, 9, 1587 2151 2874 18967
2, 9, 1599 4177 15146
2, 9, 1610 12560 14165
2, 9, 1610 14165 18344
2, 9, 1615 6814 14381
2, 9, 1640 3211 4394 7351
2, 9, 1640 3211 7351 17230
2, 9, 1642 9351 17917
2, 9, 1646 7062 12245 13504
2, 9, 1765 10697 14865 14966
2, 9, 1824 3781 14679
2, 9, 1851 10883 18354 19624
2, 9, 1851 4105 10883
2, 9, 1863 7790 11969
2, 9, 1883 3433 11089
2, 9, 1890 12845 13016
2, 9, 1891 8502 18347
2, 9, 196 1111 15188
2, 9, 1960 2479 8553
2, 9, 197 2937 18051
2, 9, 2003 13044 16325 16790
2, 9, 2003 3020 3078 5733 13044
2, 9, 2003 3020 5733 13044 16325
2, 9, 2016 12131 18736
2, 9, 2029 12976 13667
2, 9, 2037 3567 4308 9830
2, 9, 2037 4308 6774
2, 9, 2069 7288 10553 13112 13493
2, 9, 2085 4770 11137
2, 9, 2087 2450 3749
2, 9, 2109 10499 14335
2, 9, 211 604 2500
2, 9, 2127 3158 5032 6691 12197
2, 9, 2186 4786 14111
2, 9, 2192 6833 10456
2, 9, 2194 10203 17763
2, 9, 2201 6070 8151
2, 9, 2201 8151 11385
2, 9, 2244 9904 15582
2, 9, 2294 8184 8658
2, 9, 2332 12308 16666
2, 9, 2404 6172 14522
2, 9, 2450 3749 5424
2, 9, 2510 5395 16881
2, 9, 2537 15880 19570
2, 9, 2537 18732 19570
2, 9, 2537 8997 15880
2, 9, 2537 8997 18732
2, 9, 2540 2899 6864 8444
2, 9, 2595 3338 7190
2, 9, 2750 3388 6298
2, 9, 2783 9805 15033 16849 19387
2, 9, 2843 4977 5709
2, 9, 2895 8858 9801
2, 9, 2948 6554 17094
2, 9, 297 2122 2224 13909
2, 9, 2984 8248 14554
2, 9, 3015 3796 13420
2, 9, 3027 10830 18399
2, 9, 3062 15908 18028
2, 9, 3094 5045 10680
2, 9, 3140 3297 16178
2, 9, 3145 6914 17173
2, 9, 3158 4574 5032 6691 7530 12197
2, 9, 3215 5434 10475 14188
2, 9, 3223 12835 14044
2, 9, 3223 4684 14044
2, 9, 325 3296 15356
2, 9, 3280 3308 5888
2, 9, 3288 4424 6155 11662
2, 9, 329 3640 17544
2, 9, 329 3640 9416 11764
2, 9, 337 4701 15329
2, 9, 3403 17633 19316
2, 9, 3417 10794 17542
2, 9, 3417 10794 18746
2, 9, 3495 4627 8885 11039 16655
2, 9, 3512 6337 12427 14404 16044
2, 9, 3512 6337 7783 12427 16044 16714
2, 9, 3543 5140 10328
2, 9, 3607 11379 19685
2, 9, 3620 5750 18265
2, 9, 3675 4656 10501
2, 9, 3713 3763 11561
2, 9, 3796 5453 13420
2, 9, 3866 8688 16766
2, 9, 3899 16179 16310
2, 9, 3926 5355 14599
2, 9, 3926 5355 5876
2, 9, 3962 4404 4676 12378
2, 9, 4091 5397 11847
2, 9, 410 3145 17173
2, 9, 4153 10421 16403
2, 9, 4159 4751 11730
2, 9, 4160 8971 18408
2, 9, 4202 7338 11838 14168 17544
2, 9, 4202 7338 8105 11838 14168
2, 9, 4268 13891 19309
2, 9, 4305 4895 12925
2, 9, 4441 6904 9873
2, 9, 4485 7403 16520
2, 9, 4500 8049 19358
2, 9, 4573 15296 16779
2, 9, 463 9723 12748
2, 9, 4654 5784 11801
2, 9, 4670 7236 9982
2, 9, 475 7807 11233
2, 9, 4836 6366 7392
2, 9, 490 1247 19203
2, 9, 4923 5694 14403
2, 9, 5090 5591 18840
2, 9, 5240 6554 17094
2, 9, 5281 8667 15606
2, 9, 530 10702 11497
2, 9, 5394 6340 18927
2, 9, 5394 7754 18927
2, 9, 5427 16307 18490
2, 9, 5472 7919 10715
2, 9, 5526 7954 10245
2, 9, 5598 5950 6019
2, 9, 5674 7619 12270
2, 9, 5733 14264 16325
2, 9, 5750 8134 18265
2, 9, 578 3081 6681 9624
2, 9, 5815 6562 8286
2, 9, 5892 10546 12540
2, 9, 5914 7683 13608
2, 9, 6082 7507 11191
2, 9, 6136 9649 18348
2, 9, 6150 9967 11382
2, 9, 6152 9274 18836
2, 9, 6179 7879 13985
2, 9, 6180 16743 17563
2, 9, 621 6766 13814 16340
2, 9, 621 6766 7929 13814
2, 9, 621 6904 9873 13814 18496
2, 9, 621 9873 13814 16340 18496
2, 9, 6256 6851 17446 18259
2, 9, 6414 12845 13016
2, 9, 651 2134 8946 15504
2, 9, 6525 12512 12835
2, 9, 6577 11180 11978
2, 9, 6742 9391 12686
2, 9, 6766 7929 17166
2, 9, 6768 10361 17055
2, 9, 6768 11201 17055
2, 9, 6794 8042 15804
2, 9, 685 8835 9827
2, 9, 6869 12020 13788
2, 9, 687 1807 6687
2, 9, 6948 9771 13832
2, 9, 7006 8740 14556
2, 9, 712 1908 13311
2, 9, 7168 7764 8291
2, 9, 7247 13070 17095
2, 9, 731 4260 10961
2, 9, 7321 12293 17807
2, 9, 7362 10639 11462
2, 9, 7455 7854 15853
2, 9, 7520 9310 11714
2, 9, 7526 12470 13873 18041
2, 9, 7619 12270 12869
2, 9, 7716 12641 15834
2, 9, 7716 12641 16497
2, 9, 7765 9207 10602
2, 9, 7783 16240 16641 16714
2, 9, 7785 8290 14902
2, 9, 7897 14316 18660
2, 9, 7903 10967 13296
2, 9, 7903 8090 13296
2, 9, 7935 13410 19263
2, 9, 8134 8609 18063
2, 9, 8153 8422 13846
2, 9, 8217 14417 16793
2, 9, 825 11800 16791
2, 9, 835 1503 8816
2, 9, 837 11361 12557
2, 9, 8395 11253 15262
2, 9, 8484 14952 17024
2, 9, 853 8894 11670
2, 9, 8617 8820 11629
2, 9, 8651 10776 13313
2, 9, 8677 10148 11420
2, 9, 8677 11420 13705
2, 9, 8695 13132 14564
2, 9, 8741 9805 16240 16641
2, 9, 8896 13782 15282 18199
2, 9, 892 19457 19543
2, 9, 8935 14213 17365
2, 9, 8941 14255 14286 16367 18602
2, 9, 8941 9390 10130 12759 14286
2, 9, 8958 9605 12640
2, 9, 9157 10359 10988
2, 9, 9170 11163 12643
2, 9, 9182 12200 15595
2, 9, 9362 12928 19536
2, 9, 9614 14549 19562
2, 9, 9637 11845 15034
2, 9, 9705 13000 14093
2, 9, 9776 11932 13068
2, 9, 9805 16641 19387
2, 9, 9826 10518 11696 19020
2, 9, 9826 10518 15202
2, 9, 988 11325 14939
2, 9, 9889 14511 16725
2, 9, 9897 11112 19309
2, 9, 9898 11163 12643
3, 10, 10131 12406 13072
3, 10, 102 7006 14556
3, 10, 10591 17908 18311
3, 10, 10637 14776 16572
3, 10, 10697 14865 14966 16000
3, 10, 1073 1713 11324
3, 10, 10883 18354 19624
3, 10, 10949 11899 14848
3, 10, 1099 11797 13110 19769
3, 10, 11121 11246 12647
3, 10, 11179 12500 13716
3, 10, 1122 3202 4136
3, 10, 11297 15162 19032
3, 10, 11401 15165 18527
3, 10, 1142 1530 3413
3, 10, 11451 14865 14966 15411 16000
3, 10, 11509 13746 14130
3, 10, 11578 11774 12063 12271 14290 17465 17693 17731
3, 10, 1162 13796 16344
3, 10, 1162 7613 13796 15888
3, 10, 11697 12922 18182
3, 10, 1187 3525 8667 15606
3, 10, 11900 13560 15138
3, 10, 1209 1586 7258
3, 10, 12172 12305 19499
3, 10, 12383 15461 16763
3, 10, 12500 13716 15034
3, 10, 13230 14161 19856
3, 10, 13357 15654 16715
3, 10, 13736 13770 19142
3, 10, 1384 18088 19160
3, 10, 13949 15157 18422
3, 10, 14138 16479 18921
3, 10, 1414 2537 19570
3, 10, 142 1204 2778 9945
3, 10, 142 824 2778
3, 10, 14264 16325 16790
3, 10, 14286 16367 17537 18602
3, 10, 14657 15971 16197
3, 10, 14723 14747 17829
3, 10, 14757 15048 19210
3, 10, 148 1123 10880
3, 10, 15529 15642 16066
3, 10, 15529 16060 16066
3, 10, 1570 2218 6996
3, 10, 15701 17669 18179
3, 10, 1587 2874 18967
3, 10, 1599 4177 15146
3, 10, 1610 12560 14165 18344
3, 10, 1615 6814 14381
3, 10, 1640 3211 4394 7351
3, 10, 1640 3211 7351 17230
3, 10, 1642 9351 17917
3, 10, 1646 7062 12245 13504
3, 10, 1765 10697 14865 14966
3, 10, 1765 11451 14865 14966
3, 10, 1824 3781 14679
3, 10, 1851 10883 19624
3, 10, 1851 4105 10883
3, 10, 1883 3433 11089
3, 10, 1890 12845 13016
3, 10, 1891 8502 18347
3, 10, 196 1111 15188
3, 10, 1960 2479 8553
3, 10, 197 2937 18051
3, 10, 2003 13044 16325 16790 19895
3, 10, 2003 3020 13044 16325 19895
3, 10, 2003 3020 5733 13044 19895
3, 10, 2016 12131 18736
3, 10, 2029 12976 13667
3, 10, 2037 3567 4308 9830
3, 10, 2037 4308 6774
3, 10, 2069 10553 13112 13493
3, 10, 2085 4770 11137
3, 10, 2087 2450 3749
3, 10, 2099 18293 19507
3, 10, 2109 10499 14335
3, 10, 211 604 2500
3, 10, 2122 2224 13909
3, 10, 2127 3158 5032 6691 12197
3, 10, 2151 2874 18967
3, 10, 2186 4786 14111
3, 10, 2192 6833 10456
3, 10, 2194 10203 17763
3, 10, 2201 6070 8151
3, 10, 2201 8151 11385
3, 10, 2244 9904 15582
3, 10, 2294 8184 8658
3, 10, 2332 12308 16666
3, 10, 2404 6172 14522
3, 10, 2510 5395 16881
3, 10, 2537 8997 15880 19570
3, 10, 2537 8997 18732 19570
3, 10, 2540 2899 6864 8444
3, 10, 2595 3338 7190
3, 10, 2750 3388 6298
3, 10, 2783 9805 15033 16849 19387
3, 10, 2843 4977 5709
3, 10, 2895 8858 9801
3, 10, 2948 6554 17094
3, 10, 297 2122 2224
3, 10, 2984 8248 14554
3, 10, 3015 3796 13420
3, 10, 3020 3078 5733 13044 19895
3, 10, 3027 10830 18399
3, 10, 3062 15908 18028
3, 10, 3140 3297 16178
3, 10, 3145 6914 17173
3, 10, 3158 4574 5032 6691 7530 12197
3, 10, 3215 5434 10475 14188
3, 10, 3223 12835 14044
3, 10, 3223 4684 14044
3, 10, 325 3296 15356
3, 10, 3280 3308 5888
3, 10, 3288 4424 6155 11662
3, 10, 329 3640 17544
3, 10, 329 3640 9416 11764
3, 10, 337 4701 15329
3, 10, 3403 17633 19316
3, 10, 3417 10794 17542
3, 10, 3495 4627 8885 11039 16655
3, 10, 3512 6337 12427 14404 16044
3, 10, 3512 6337 7783 12427 16044 16714
3, 10, 3525 5281 8667 15606
3, 10, 3543 5140 10328
3, 10, 3607 11379 19685 19951
3, 10, 3675 4656 10501
3, 10, 3713 3763 11561
3, 10, 3796 5453 13420
3, 10, 3866 8688 16766
3, 10, 3899 16179 16310
3, 10, 3962 4404 4676 12378
3, 10, 4091 5397 11847
3, 10, 410 3145 17173
3, 10, 4153 10421 16403
3, 10, 4159 4751 11730
3, 10, 4160 8971 18408
3, 10, 4202 11838 17544
3, 10, 4202 7338 17544
3, 10, 4202 7338 8105 11838 14168
3, 10, 4268 13891 19309
3, 10, 4305 4895 12925
3, 10, 4441 6904 9873 18496
3, 10, 4485 7403 16520
3, 10, 4500 8049 19358
3, 10, 4573 15296 16779
3, 10, 463 9723 12748
3, 10, 4654 5784 11801
3, 10, 4670 7236 9982
3, 10, 475 7807 11233
3, 10, 4836 6366 7392
3, 10, 490 1247 19203
3, 10, 4923 5694 14403
3, 10, 5090 5591 18840 19887
3, 10, 5240 6554 17094
3, 10, 530 10702 11497
3, 10, 5394 6340 18927
3, 10, 5394 7754 18927
3, 10, 5427 16307 18490
3, 10, 5472 7919 10715
3, 10, 5526 7954 10245
3, 10, 5598 5950 6019
3, 10, 5674 7619 12270
3, 10, 5750 8134 18265
3, 10, 5750 8134 8609
3, 10, 578 3081 6681 9624
3, 10, 5815 6562 8286
3, 10, 5892 10546 12540
3, 10, 5914 7683 13608
3, 10, 6082 7507 11191
3, 10, 6150 9967 11382
3, 10, 6152 9274 18836
3, 10, 6179 7879 13985
3, 10, 6180 16743 17563
3, 10, 621 6766 13814 16340
3, 10, 621 6766 7929 13814
3, 10, 621 6904 9873 13814 18496
3, 10, 621 9873 13814 16340 18496
3, 10, 6256 6851 17446 18259
3, 10, 6414 12845 13016
3, 10, 651 2134 8946 15504
3, 10, 6525 12512 12835 14044
3, 10, 6577 11180 11978
3, 10, 6671 10550 13654
3, 10, 6742 9391 12686
3, 10, 6766 7929 17166
3, 10, 6768 11201 17055
3, 10, 6794 8042 15804
3, 10, 685 8835 9827
3, 10, 6869 12020 13788
3, 10, 687 1807 6687
3, 10, 6948 9771 13832
3, 10, 7006 8740 14556
3, 10, 7168 7764 8291
3, 10, 7247 13070 17095
3, 10, 7288 10553 13112 13493
3, 10, 731 4260 10961
3, 10, 7321 12293 17807
3, 10, 7362 10639 11462
3, 10, 7455 7854 15853
3, 10, 7520 9310 11714
3, 10, 7526 12470 13873 18041
3, 10, 7619 12270 12869
3, 10, 7716 12641 15834
3, 10, 7716 12641 16497
3, 10, 7765 9207 10602
3, 10, 7783 16240 16641 16714
3, 10, 7785 8290 14902
3, 10, 7790 11969 16978
3, 10, 7897 14316 18660
3, 10, 7903 10967 13296
3, 10, 7903 8090 13296
3, 10, 7935 13410 19263
3, 10, 7998 15690 15926
3, 10, 8134 8609 18063
3, 10, 8153 8422 13846
3, 10, 8217 14417 16793
3, 10, 825 11800 16791
3, 10, 835 1503 8816
3, 10, 837 11361 12557
3, 10, 8395 11253 15262
3, 10, 8408 9630 13094
3, 10, 8484 14952 17024
3, 10, 853 8894 11670
3, 10, 8617 8820 11629
3, 10, 8651 10776 13313
3, 10, 8695 13132 14564
3, 10, 872 13421 13531
3, 10, 8741 9805 16240 16641
3, 10, 8741 9805 16641 19387
3, 10, 8896 13782 15282 18199
3, 10, 892 19457 19543
3, 10, 8935 14213 17365
3, 10, 8941 10130 14286 18602
3, 10, 8941 14255 14286 16367 18602
3, 10, 8941 9390 10130 12759 14286
3, 10, 8958 9605 12640
3, 10, 8994 13718 19892
3, 10, 9062 11315 16555
3, 10, 9081 14650 19880
3, 10, 9157 10359 10988
3, 10, 9170 11163 12643
3, 10, 9182 12200 15595
3, 10, 9315 16643 18541
3, 10, 9362 12928 19536
3, 10, 9404 11011 11013
3, 10, 95 5532 9743
3, 10, 9614 12541 19471
3, 10, 9614 14549 19471 19562
3, 10, 9637 11845 15034
3, 10, 9658 10752 11154
3, 10, 9658 10752 14569
3, 10, 9705 13000 14093
3, 10, 9776 11932 13068
3, 10, 9826 10518 11696 19020
3, 10, 9826 10518 15202
3, 10, 988 11325 14939
3, 10, 9889 14511 16725
3, 10, 9897 11112 19309
3, 10, 9898 11163 12643
