0, 6, 10553 13112 13493
0, 6, 1099 11797 13110
0, 6, 11774 12063 12271 17731
0, 6, 14723 14747 17829
0, 6, 2069 10553 13112
0, 6, 2087 2450 3749
0, 6, 2127 3158 12197
0, 6, 2244 9904 15582
0, 6, 2332 12308 16666
0, 6, 2783 15033 19387
0, 6, 2783 9805 19387
0, 6, 2895 8858 9801
0, 6, 297 2122 2224
0, 6, 3062 15908 18028
0, 6, 3158 5032 12197
0, 6, 3215 5434 10475 14188
0, 6, 3288 4424 6155 11662
0, 6, 3512 6337 12427 14404
0, 6, 3512 6337 12427 16044
0, 6, 3525 8667 15606
0, 6, 3675 4656 10501
0, 6, 4153 10421 16403
0, 6, 4202 11838 14168
0, 6, 4202 7338 11838
0, 6, 4268 13891 19309
0, 6, 4305 4895 12925
0, 6, 4404 4676 12378
0, 6, 4485 7403 16520
0, 6, 4574 6691 7530
0, 6, 4670 7236 9982
0, 6, 5032 6691 12197
0, 6, 578 3081 6681 9624
0, 6, 6179 7879 13985
0, 6, 621 9873 18496
0, 6, 6256 6851 18259
0, 6, 6768 11201 17055
0, 6, 7288 10553 13493
0, 6, 837 11361 12557
0, 6, 8395 11253 15262
0, 6, 8896 13782 15282
0, 6, 9170 11163 12643
0, 6, 9390 10130 12759
0, 6, 9705 13000 14093
1, 7, 10553 13112 13493
1, 7, 1099 11797 13110
1, 7, 11578 12063 17465
1, 7, 11774 12063 12271 17731
1, 7, 14723 14747 17829
1, 7, 2069 10553 13112
1, 7, 2087 2450 3749
1, 7, 2122 2224 13909
1, 7, 2127 3158 12197
1, 7, 2244 9904 15582
1, 7, 2783 15033 19387
1, 7, 2783 9805 19387
1, 7, 2895 8858 9801
1, 7, 297 2122 2224
1, 7, 3078 5733 13044
1, 7, 3158 5032 12197
1, 7, 3215 5434 10475 14188
1, 7, 3288 4424 6155 11662
1, 7, 3512 6337 12427 14404
1, 7, 3512 6337 12427 16044
1, 7, 3525 8667 15606
1, 7, 3675 4656 10501
1, 7, 4153 10421 16403
1, 7, 4202 7338 11838 14168
1, 7, 4268 13891 19309
1, 7, 4305 4895 12925
1, 7, 4404 4676 12378
1, 7, 4574 6691 7530
1, 7, 4670 7236 9982
1, 7, 5032 6691 12197
1, 7, 578 3081 6681 9624
1, 7, 6179 7879 13985
1, 7, 621 9873 18496
1, 7, 6256 6851 18259
1, 7, 6768 11201 17055
1, 7, 6904 9873 18496
1, 7, 7288 10553 13493
1, 7, 837 11361 12557
1, 7, 8395 11253 15262
1, 7, 8896 13782 15282
1, 7, 9170 11163 12643
1, 7, 9390 10130 12759
1, 7, 9705 13000 14093
2, 8, 10553 13112 13493
2, 8, 1099 11797 13110 19769
2, 8, 11578 12063 12271
2, 8, 11774 12063 12271 17731
2, 8, 12063 12271 17465
2, 8, 14723 14747 17829
2, 8, 2069 10553 13112
2, 8, 2087 2450 3749
2, 8, 2127 3158 12197
2, 8, 2151 2874 18967
2, 8, 2244 9904 15582
2, 8, 2783 15033 19387
2, 8, 2783 9805 19387
2, 8, 2895 8858 9801
2, 8, 3158 5032 12197
2, 8, 3215 5434 10475 14188
2, 8, 325 3296 15356
2, 8, 3288 4424 6155 11662
2, 8, 3512 6337 12427 14404
2, 8, 3512 6337 12427 16044
2, 8, 3525 8667 15606
2, 8, 3675 4656 10501
2, 8, 4153 10421 16403
2, 8, 4202 7338 11838 14168
2, 8, 4268 13891 19309
2, 8, 4305 4895 12925
2, 8, 4404 4676 12378
2, 8, 4574 6691 7530
2, 8, 4670 7236 9982
2, 8, 5032 6691 12197
2, 8, 5674 7619 12270
2, 8, 578 3081 6681 9624
2, 8, 6179 7879 13985
2, 8, 621 9873 18496
2, 8, 6256 6851 18259
2, 8, 6768 11201 17055
2, 8, 6904 9873 18496
2, 8, 837 11361 12557
2, 8, 8395 11253 15262
2, 8, 8896 13782 15282
2, 8, 9170 11163 12643
2, 8, 9390 10130 12759
2, 8, 9705 13000 14093
3, 9, 10553 13112 13493
3, 9, 1099 13110 19769
3, 9, 11578 12063 12271
3, 9, 11578 14290 17693
3, 9, 11774 12063 12271 17731
3, 9, 11797 13110 19769
3, 9, 12063 12271 17465
3, 9, 14723 14747 17829
3, 9, 2069 10553 13112
3, 9, 2087 2450 3749
3, 9, 2127 3158 12197
3, 9, 2244 9904 15582
3, 9, 2783 15033 19387
3, 9, 2783 9805 19387
3, 9, 2895 8858 9801
3, 9, 3158 5032 12197
3, 9, 3215 5434 10475 14188
3, 9, 3288 4424 6155 11662
3, 9, 3512 6337 12427 14404
3, 9, 3512 6337 12427 16044
3, 9, 3525 8667 15606
3, 9, 3607 11379 19685
3, 9, 3607 19685 19951
3, 9, 3675 4656 10501
3, 9, 4153 10421 16403
3, 9, 4202 7338 11838 14168
3, 9, 4268 13891 19309
3, 9, 4305 4895 12925
3, 9, 4404 4676 12378
3, 9, 4574 6691 7530
3, 9, 4670 7236 9982
3, 9, 5032 6691 12197
3, 9, 5591 18840 19887
3, 9, 5674 7619 12270
3, 9, 5733 13044 19895
3, 9, 578 3081 6681 9624
3, 9, 6179 7879 13985
3, 9, 621 9873 18496
3, 9, 6256 6851 18259
3, 9, 6768 11201 17055
3, 9, 6904 9873 18496
3, 9, 837 11361 12557
3, 9, 8395 11253 15262
3, 9, 8896 13782 15282
3, 9, 8941 14286 18602
3, 9, 9170 11163 12643
3, 9, 9390 10130 12759
3, 9, 9705 13000 14093
4, 10, 10553 13112 13493
4, 10, 1099 13110 19769
4, 10, 11379 19685 19951
4, 10, 11578 12063 12271
4, 10, 11774 12063 12271 17465
4, 10, 11774 12063 12271 17731
4, 10, 11797 13110 19769
4, 10, 14723 14747 17829
4, 10, 2003 13044 19895
4, 10, 2069 10553 13112
4, 10, 2087 2450 3749
4, 10, 2127 3158 12197
4, 10, 2244 9904 15582
4, 10, 2537 18732 19570
4, 10, 2783 15033 19387
4, 10, 2783 9805 19387
4, 10, 2895 8858 9801
4, 10, 3158 5032 12197
4, 10, 3215 5434 10475 14188
4, 10, 3288 4424 6155 11662
4, 10, 3512 6337 12427 14404
4, 10, 3512 6337 12427 16044
4, 10, 3525 8667 15606
4, 10, 3607 19685 19951
4, 10, 3675 4656 10501
4, 10, 4153 10421 16403
4, 10, 4202 7338 11838
4, 10, 4268 13891 19309
4, 10, 4305 4895 12925
4, 10, 4574 6691 7530
4, 10, 4670 7236 9982
4, 10, 5032 6691 12197
4, 10, 5591 18840 19887
4, 10, 5674 7619 12270
4, 10, 578 3081 6681 9624
4, 10, 6082 7507 11191
4, 10, 6179 7879 13985
4, 10, 621 9873 18496
4, 10, 6256 6851 18259
4, 10, 6768 11201 17055
4, 10, 6904 9873 18496
4, 10, 7338 11838 14168
4, 10, 837 11361 12557
4, 10, 8395 11253 15262
4, 10, 8896 13782 15282
4, 10, 8941 14286 18602
4, 10, 9170 11163 12643
4, 10, 9390 10130 12759
4, 10, 9705 13000 14093
